0.661801576614
0.843240499496
0.965483605862
0.641375243664
0.966332435608
0.254622429609
0.416261851788
0.662235021591
0.556419551373
0.908892214298
0.150323480368
0.0728849619627
0.275925725698
0.0971411988139
0.00708965817466
0.273587077856
0.298682153225
0.0090249562636
0.0655272975564
0.103248737752
0.544689238071
0.0299280658364
0.591563880444
0.436008900404
0.922532081604
0.158225730062
0.075101993978
0.605350852013
0.105025261641
0.639659821987
0.964286267757
0.654775738716
0.0235711783171
0.00832258816808
0.902379870415
0.018361562863
0.995115041733
0.740736365318
0.0761208757758
0.984168767929
0.813989520073
0.77125120163
0.754696965218
0.198241099715
0.0030379332602
0.975310564041
0.860489964485
0.130444988608
0.25837880373
0.702520489693
0.171132236719
0.835089385509
0.182776376605
0.0690736696124
0.950390040874
0.99068492651
0.972807347775
0.926776468754
0.0143786650151
0.788033127785
0.199674636126
0.88662815094
0.465155035257
0.961809039116
0.657510757446
0.829512298107
0.140499204397
0.98917645216
0.0289814751595
0.915283918381
0.4955958426
0.891414582729
0.890576422215
0.558161914349
0.0825690999627
0.0203884635121
0.499736696482
0.993744790554
0.961360633373
0.00117635971401
0.0408524349332
0.878882825375
0.240748941898
0.103835053742
0.943970263004
0.143214195967
0.787027418613
0.998356163502
0.224066913128
0.891160488129
0.45582768321
0.899563252926
0.0284775421023
0.541818916798
0.0115742040798
0.896626293659
0.0305040292442
0.570316910744
0.886624693871
0.00332495360635
0.960351407528
0.905002236366
0.204452306032
0.232870846987
0.0416946932673
0.387884825468
0.869955062866
0.191613510251
0.475047975779
0.56725615263
0.970444560051
0.686005294323
0.112431451678
0.0455697439611
0.817239105701
0.209817066789
0.996896028519
0.243441432714
0.00151070544962
0.40229472518
0.0162757281214
0.347180515528
0.779226183891
0.952419281006
0.166292905807
0.999655604362
0.997818470001
0.99838924408
0.999421596527
0.986960291862
0.872761845589
0.0272513683885
0.0162069015205
0.0064218044281
0.364726364613
0.712769031525
0.805904388428
0.751346647739
0.87887430191
0.231524124742
0.452423483133
0.000582290289458
0.282647609711
0.962294518948
0.0178277697414
0.996261656284
0.0630230382085
0.653947174549
0.998673081398
0.0564485564828
0.576585829258
0.102554023266
0.952222824097
0.991747140884
0.524984240532
0.0732193589211
0.765996754169
0.833080708981
0.97808778286
0.967045485973
0.482181161642
0.866081953049
0.0484975874424
0.0569354221225
0.992495059967
0.173502847552
0.870421051979
0.0245556458831
0.994803607464
0.00453419191763
0.568582594395
0.960680007935
0.944311916828
0.965743660927
0.89401268959
0.363160312176
0.00800249446183
0.850086867809
0.204403445125
0.580815911293
0.882722198963
0.981540024281
0.998645365238
0.00591142755002
0.181498095393
0.765193104744
0.999473512173
0.983040392399
0.013373086229
0.16914896667
0.0604114755988
0.00201822142117
0.906227111816
0.184626236558
0.570553302765
0.195774421096
0.13119392097
0.0111408242956
0.96786904335
0.998888194561
0.0202195905149
0.295939981937
0.0370699949563
0.409323453903
0.414628177881
0.0971894189715
0.305472612381
0.25711324811
0.3672105968
0.235504999757
0.0215945728123
0.260737508535
0.943285405636
0.0753026157618
0.258908867836
0.000597545178607
0.00669640535489
0.828655302525
0.669113397598
0.174859538674
0.294493556023
0.118588700891
0.103792533278
0.983389675617
0.182254239917
0.998486101627
0.993258476257
0.320022791624
0.991159260273
0.958880841732
0.189968004823
0.0320693850517
0.117895469069
0.0453466847539
0.00124778493773
0.90379524231
0.000728011189494
0.999741852283
0.28174701333
0.0136113250628
0.00120601640083
0.0136138731614
0.00415227096528
0.00540152518079
0.572125554085
0.696611046791
0.999675631523
0.990491569042
0.0933925285935
0.135742023587
0.710466206074
0.35676202178
0.14206032455
0.00555593613535
0.00479408865795
0.0340336449444
0.0214547682554
0.00727860582992
0.0621984899044
0.302257418633
0.0512242875993
0.373909205198
0.420324653387
0.987035095692
0.303895443678
0.694296121597
0.404709756374
0.144957274199
0.646320819855
0.777694225311
0.480967819691
0.0707978308201
0.00373681890778
0.0124928755686
0.484511315823
0.0289424397051
0.0159993320704
0.104831174016
0.852139234543
0.789008677006
0.987142860889
0.824420392513
0.943759560585
0.995846807957
0.435856431723
0.813163816929
0.292729377747
0.100113108754
0.224675431848
0.988967239857
0.988694369793
0.762973725796
0.851811230183
0.00519187236205
0.0107193700969
0.616936385632
0.985073626041
0.404330819845
0.145307600498
0.716807365417
0.0249506924301
0.326038300991
0.0310661122203
0.0667120218277
0.430469363928
0.344717264175
0.293343514204
0.058157261461
0.447457760572
0.921294927597
0.00450194533914
0.0182861536741
0.445263177156
0.00727525819093
0.411266446114
0.859111070633
0.00306844222359
0.326996833086
0.998440802097
0.870550215244
0.42056530714
0.139291286469
0.00128915393725
0.473249405622
0.0179772842675
0.95538187027
0.745511710644
0.00184011936653
0.572346329689
0.99886238575
0.397934913635
0.233399763703
0.856619358063
0.944929182529
0.785875678062
0.146635994315
0.990894317627
0.657577395439
0.149109467864
0.113701634109
0.56466281414
0.219484686852
0.247336059809
0.837651669979
0.109419003129
0.727423429489
0.0457217544317
0.0218301657587
0.0357175134122
0.0685581341386
0.666759610176
0.14546456933
0.59087151289
0.136181041598
0.624873936176
0.0708419159055
0.0408565066755
0.995607793331
0.679412066936
0.729521214962
0.131694167852
0.227283999324
0.773806631565
0.131486192346
0.978474318981
0.733867406845
0.122819110751
0.423320770264
0.449291050434
0.0261773429811
0.163130834699
0.36474314332
0.871929526329
0.0726928859949
0.284775704145
0.244706690311
0.56791472435
0.57992452383
0.0077102300711
0.539007723331
0.000627139641438
0.0170417688787
0.30608689785
0.00915175583214
0.991255879402
0.0602003261447
0.998915672302
0.942728221416
0.248292982578
0.427468419075
0.85331594944
0.00292943511158
0.182900190353
0.218133673072
0.984400689602
0.947403728962
0.869192659855
0.00397649407387
0.015714244917
0.993111491203
0.0749269351363
0.0145421996713
0.939852654934
0.348327368498
0.0136862145737
0.985632896423
0.971584796906
0.974377632141
0.987825930119
0.183822378516
0.0458845868707
0.0376850552857
0.999425768852
0.817701280117
0.924896121025
0.559167683125
0.000419906777097
0.979360640049
0.974086284637
0.976378560066
0.93980550766
0.0200986433774
0.995710849762
0.998831450939
0.0146871674806
0.00172713794746
0.865399420261
0.380910664797
0.998479306698
0.854760348797
0.206616207957
0.134289696813
0.0257300026715
0.918935060501
0.0605506263673
0.0194285660982
0.464165359735
0.405741661787
0.99875664711
0.993813276291
0.000876981765032
0.013500276953
0.0665274932981
0.201212018728
0.542746245861
0.557035923004
0.0548834055662
0.154068976641
0.217156678438
0.277920901775
0.0612648166716
0.191123425961
0.0482623912394
0.989774346352
0.997224450111
0.884893655777
0.714273691177
6.04862689215e-05
0.108455076814
0.0278722904623
0.101662807167
0.0645674541593
0.0400006882846
0.0628784298897
0.404111027718
0.984222829342
0.878460109234
0.115391775966
0.101248964667
0.507776618004
0.456493258476
0.7494546175
0.719426631927
0.874045491219
0.77798140049
0.310229212046
0.484279662371
0.630873322487
0.0280548240989
0.400417178869
0.15628580749
0.995614647865
0.297795027494
0.000381285935873
0.052180249244
0.132888868451
0.287805706263
0.113512448967
0.56854391098
0.0680087804794
0.315945446491
0.995051324368
0.171949446201
0.0201552510262
0.00123294978403
0.719760835171
0.757814049721
0.242286503315
0.00907814595848
0.18319927156
0.577311515808
0.996847450733
0.177293807268
0.218825936317
0.842265844345
0.913955390453
0.865414559841
0.12059365958
0.162939369678
0.0301569998264
0.984075725079
0.835748791695
0.641294658184
0.000788706995081
0.0132541917264
0.0192957744002
0.668747544289
0.0902434512973
0.00871461723
0.0198234152049
0.0714668706059
0.0105819795281
0.977369487286
0.825991630554
0.0219824891537
0.00460855290294
0.327210873365
0.288846611977
0.674272596836
0.117190673947
0.00887733139098
0.00108007132076
0.913724541664
0.98978894949
0.925169885159
0.895694494247
0.359625905752
0.183727413416
0.251898735762
0.412009626627
0.919117808342
0.0261930525303
0.662163197994
0.612130701542
0.977874100208
0.908929049969
0.152239918709
0.0300228800625
0.28070294857
0.972942173481
0.0570049583912
0.832128703594
0.000856236671098
0.0873967558146
0.416669011116
0.612836122513
0.0262303221971
0.894748032093
0.991684556007
0.831483960152
0.000705783488229
4.07425322919e-05
0.0494120977819
0.16354817152
0.101970031857
0.0232092235237
0.931945264339
0.00609859125689
0.0440620034933
0.0742984935641
0.0361356399953
0.97390961647
0.000388447922887
0.7722453475
0.0240626335144
0.985825121403
0.998755574226
0.187274008989
0.0471474789083
0.00187451823149
0.617480576038
0.995860040188
0.0470253564417
0.553126215935
0.524945378304
0.360081791878
0.649127483368
0.0491738319397
0.997305750847
0.409206658602
0.00313047599047
0.906365454197
0.0222012549639
0.0455433391035
0.55997210741
7.94406696514e-06
0.453937202692
0.00624991580844
0.306116253138
0.983522951603
0.00251622218639
0.992151618004
0.958629131317
0.00806273147464
0.00401527294889
0.00756349880248
0.261388391256
0.709725081921
0.00207285676152
0.403076142073
0.710299313068
0.00484326016158
0.0131945982575
0.520203709602
0.984283447266
0.99587136507
0.155283987522
0.00218949397095
0.178556248546
0.0203746818006
0.985531330109
0.00626846496016
0.998283743858
0.329104781151
0.971310555935
0.90963357687
0.110377050936
0.450394570827
0.0323749706149
0.0197012275457
0.0141313532367
0.726573646069
0.582321047783
0.934146046638
0.848302721977
0.974363684654
0.105685964227
0.66335362196
0.024600841105
0.207839772105
0.0134439934045
0.983807206154
0.422806680202
0.931095480919
0.243526518345
0.960511147976
0.475263178349
0.530382275581
0.702518761158
0.764514148235
0.690649688244
0.000367136031855
0.00496599264443
0.953598082066
0.227562218904
0.0101869571954
0.084639467299
0.422325342894
0.794642746449
0.987833380699
0.90569549799
0.0582647286355
0.95262825489
0.294922053814
0.00141997565515
0.175162374973
0.343261897564
0.929440736771
0.552828907967
0.0195256173611
0.031697101891
0.44118180871
0.486163705587
0.00206421432085
0.143836632371
0.296601980925
0.246400609612
0.518458247185
0.123080909252
0.74720543623
0.139221534133
0.928366243839
0.137188315392
0.217093423009
0.00198330474086
0.0159448180348
0.739036381245
0.373391360044
0.995507955551
0.242288678885
0.0232957918197
0.0170113723725
0.898647964001
0.661971569061
0.0533046908677
0.0747089385986
0.000620024802629
0.00120280415285
0.00318969087675
0.987486600876
0.734043002129
0.983888268471
0.778704047203
0.0156150674447
0.0994203314185
0.210671812296
0.537870168686
0.040487293154
0.428178787231
0.0178864765912
0.987235724926
0.917812287807
0.999818384647
0.892348527908
0.931529939175
0.883086502552
0.0756983608007
0.0427414104342
0.57498639822
0.827572524548
0.388551652431
0.966516137123
0.199562460184
0.162636369467
0.0544083938003
0.999994277954
0.959607541561
0.861001253128
0.808134734631
0.186308220029
0.0195367224514
0.00860664900392
0.306516081095
0.879341363907
0.828761816025
0.386531531811
0.923630416393
0.421830177307
0.172180891037
0.00615227781236
0.0108482800424
0.00352484849282
0.926338434219
0.892784714699
0.337612450123
0.981767833233
0.246626242995
0.430651992559
0.968520760536
0.0208112616092
0.796092331409
0.930756032467
0.0490539260209
0.9284709692
0.837488472462
0.0162496697158
0.0289627537131
0.179778978229
0.00814709626138
0.921537041664
0.201801866293
0.708550870419
0.990385293961
0.331032365561
0.897776782513
0.206807807088
0.149724707007
0.691255271435
0.390033483505
0.798949420452
0.0637799575925
0.0151062104851
0.247315749526
0.949623644352
0.291947811842
0.996169745922
0.0458031073213
0.369609206915
0.0324400514364
0.0504377260804
0.123956687748
0.0124380216002
0.000914517382625
0.0549142472446
0.18315525353
0.378050386906
1.75075456355e-08
0.218336269259
0.939041733742
0.127662107348
0.902088940144
0.980022132397
0.0255944766104
0.908265054226
0.000701559358276
0.00237776408903
0.839975714684
0.824120640755
0.180769219995
0.131175354123
0.00250506168231
0.936013877392
0.260722279549
0.0042684734799
0.175197795033
0.071069560945
0.121062465012
0.353849649429
0.246908456087
0.18617478013
0.0275547914207
0.531667590141
0.0207126066089
0.0301025304943
0.00817289110273
0.112790942192
0.613197028637
0.872687458992
0.000239428292844
0.241329282522
0.184771612287
0.532066464424
0.831201136112
0.343934804201
0.00847608130425
0.964145064354
0.617936313152
0.232269138098
0.0241620466113
0.12907962501
0.63898819685
0.888746142387
0.00982843991369
0.0136714549735
0.894974708557
0.880606770515
0.278342038393
0.00853070430458
0.355471521616
0.947249412537
0.326260834932
0.0735834985971
0.582584440708
0.370374798775
0.00725163333118
0.738047897816
0.951596617699
0.0042976224795
0.950009524822
0.531504571438
0.928371012211
0.218007192016
0.994960904121
0.719999074936
0.778896093369
0.982855200768
0.591933846474
0.590158581734
0.000813643797301
0.89413189888
0.000918740581255
0.0286413375288
0.979926049709
0.0269626621157
0.460892617702
0.0923429355025
0.000714823254384
0.911879360676
0.220749408007
0.0100003862754
0.864824533463
0.216904133558
0.0152239305899
0.0945676118135
0.0039228964597
0.475171208382
0.65524494648
0.165916725993
0.0423989668489
0.0246933065355
0.0157932601869
0.965590059757
0.637876272202
0.0284760221839
0.0270773209631
0.010411108844
0.552469491959
0.0746272802353
0.895505666733
0.204237312078
0.564243614674
0.00024066901824
0.239025399089
0.976769864559
0.928137421608
0.0188221018761
0.930906295776
0.359424322844
0.627882480621
0.0172129869461
0.0861835032701
0.0685711726546
0.10380281508
0.0166439861059
0.0749268829823
0.0071425861679
0.0598265230656
0.0413581095636
0.0250795222819
0.0343831963837
0.00184648006689
0.00472286343575
0.00326280621812
0.000650214205962
0.00356243620627
0.023717969656
0.0168986022472
0.00623582256958
0.89413279295
0.0379233025014
0.909369111061
0.986480176449
0.979249894619
0.928941488266
0.765705049038
0.457828968763
0.0116525329649
0.000888271140866
0.0215066932142
0.0779912173748
0.816937148571
0.951795876026
0.100587189198
0.435344010592
0.00321039464325
0.0706492364407
0.0656795576215
0.378282755613
0.00613294821233
0.983600258827
0.754078567028
0.962825536728
0.94194149971
0.340591192245
0.145197376609
0.239450499415
0.243076592684
0.919616162777
0.244670435786
0.039419285953
0.0409828312695
0.417183876038
0.0420300439
0.00633155880496
0.588318169117
0.00508259702474
0.786172330379
0.0150957582518
0.00209165853448
0.0750875025988
0.999137282372
0.999444305897
0.996350646019
0.992564678192
0.972351551056
0.235004350543
0.563145279884
0.821197390556
0.149459511042
0.0226036719978
0.276483356953
0.00563064962626
0.970272660255
0.614158272743
0.0460412539542
0.884351670742
0.00746335973963
0.191298440099
0.00388825358823
0.00161420053337
0.998356282711
0.963719725609
0.409942954779
0.990323662758
0.974083781242
0.0802702829242
0.230589732528
0.603319168091
0.112052597106
0.028126494959
0.012448867783
0.984181165695
0.454954773188
0.964490950108
0.00800371728837
0.00255400571041
0.0178489051759
0.995605051517
0.123266138136
0.989363133907
0.981298089027
0.790455758572
0.0101580871269
0.97958034277
0.998996913433
0.963617444038
0.189324811101
0.964225530624
0.635027289391
0.27709838748
0.0588464215398
0.995460450649
0.00127067510039
0.0478887446225
0.988280951977
0.999641656876
0.688091993332
0.965026855469
0.179523721337
0.830489039421
0.744754910469
0.086259752512
0.149763554335
0.0217884331942
0.27797845006
0.9646910429
0.575204849243
0.957856893539
0.0144821070135
0.0210179891437
0.0296983551234
0.992257773876
0.416465401649
0.919877767563
0.344684541225
0.243168473244
0.327240973711
0.349119275808
0.916575789452
0.300314307213
0.00332476710901
0.891412496567
0.990180134773
0.160749062896
0.380355328321
0.0299577601254
0.659385144711
0.0271208826452
0.253421038389
0.891965568066
0.461500316858
0.0782050192356
0.360272675753
0.0302700996399
0.892957985401
0.0116457585245
0.800652563572
0.952407896519
0.624952197075
0.990664601326
0.989695310593
0.844269633293
0.0939640700817
0.0301441345364
0.994793236256
0.611817240715
0.566414177418
0.0642718449235
0.934113144875
0.988568544388
0.171116411686
0.88611382246
0.838635861874
0.22374714911
0.986653029919
0.985505402088
0.865998804569
0.837589144707
0.96065568924
0.168505087495
0.00801799912006
0.0469680763781
0.998741924763
0.922387897968
0.00550496764481
0.335413962603
0.696283519268
0.360134094954
0.0695649683475
0.0393048673868
0.213823348284
0.982054233551
0.906850159168
0.208610102534
0.550332069397
0.137513294816
0.0594740398228
0.685508966446
0.0447517745197
0.0424092710018
0.073122292757
0.862512111664
0.945057272911
0.144774928689
0.993157327175
0.00299810920842
0.0674751102924
0.0512741915882
0.825562000275
0.124250024557
0.989668130875
0.468416601419
0.248737066984
0.207479476929
0.905072152615
0.137374415994
0.13786610961
0.00307936780155
0.390782147646
0.124429546297
0.00679550087079
0.995677888393
0.0813376605511
0.00688437046483
0.00521452026442
0.0128934271634
0.0566853843629
0.00134586100467
0.0044609028846
0.0113584529608
0.178132578731
0.047459166497
0.0254712551832
0.385846197605
0.139696702361
0.587076842785
0.0922496542335
0.296638041735
0.304079651833
0.00408185599372
0.132604733109
0.0703739896417
0.00405032327399
0.061396881938
0.887241542339
0.00200869538821
0.037747208029
0.0449060089886
0.0184317100793
0.00748004298657
0.00756566086784
0.00924764107913
3.41529012076e-05
0.222978755832
0.107595197856
0.667935192585
0.213239759207
0.0361115336418
0.138684630394
0.0536505952477
0.0426163636148
0.537100732327
0.762566685677
0.188019946218
0.0141892852262
0.0192217808217
0.126645460725
0.00406747683883
0.0686357468367
0.908083677292
0.0372960828245
0.14173284173
0.724051713943
0.337588638067
0.299044966698
0.192497506738
0.0219681728631
0.132792830467
0.515309870243
0.893362700939
0.209733784199
0.489360034466
0.703741908073
0.124763280153
0.00146869651508
0.103140242398
0.878211438656
0.975362241268
0.161023169756
0.0664264410734
0.367694109678
0.264714747667
0.902770519257
0.146561041474
0.704708755016
0.332054048777
0.163510367274
0.876430690289
0.135834127665
0.450463950634
0.172984421253
0.149212479591
0.095029309392
0.990938544273
0.00033155886922
0.000904284301214
0.000483134703245
0.0035911872983
0.00609022611752
0.481757819653
0.276920795441
0.182936921716
0.623943448067
0.0724871382117
0.50413030386
0.239295303822
0.00199693604372
0.022409370169
0.30250069499
0.0163714960217
0.00769808329642
0.000122308527352
0.00401510531083
0.144036069512
0.227204784751
0.00859387498349
0.0825359225273
0.0761178210378
0.0253584925085
0.0476966314018
0.295234084129
0.32935115695
0.944231152534
0.0181701164693
0.131349787116
0.721121430397
0.449736148119
0.158629238605
0.15361815691
0.0295926723629
0.104747124016
0.0018811498303
0.00250881072134
0.000290445110295
0.238158136606
0.0257881712168
0.0158562958241
0.000792868493591
0.0096468552947
0.00114919652697
0.124512761831
0.749782800674
0.0126360151917
0.408461719751
0.816159725189
0.00915232673287
0.352532565594
0.0134777575731
0.0501045100391
0.0916485115886
0.0502671264112
0.0655582770705
0.0750403255224
0.0524448230863
0.827154278755
0.154278337955
0.0311847049743
0.0126345288008
0.0206267721951
0.324225604534
0.167481780052
0.00993617996573
0.108899436891
0.00649814354256
0.248481765389
0.0504942201078
0.071726642549
0.468020379543
0.698502242565
0.187258213758
0.05633476004
0.0244795009494
0.117833152413
0.000928470282815
0.00115853326861
0.431852817535
0.331496089697
0.0653569027781
0.078265555203
0.102634578943
0.228494778275
0.0168618690223
0.0090532489121
0.316554754972
0.404696077108
0.00575742311776
0.497262060642
0.203197196126
0.055078227073
0.00526072271168
0.0224333908409
0.861697971821
0.701199233532
0.0210520476103
0.564512908459
0.978785276413
0.213754668832
0.00432114582509
0.00737050967291
0.241940543056
0.0905025675893
0.0654593631625
0.0039454405196
0.0054064434953
0.0433712080121
0.0090992571786
0.00979766994715
0.00998502690345
0.220359578729
0.00053679314442
0.00503725558519
0.00315351458266
0.00206072139554
0.0787439718843
0.00131692015566
0.207402452826
0.00749098276719
0.0538511872292
0.703791201115
0.000109634485852
0.0171919539571
0.0258971937001
0.000788770092186
0.00813743378967
0.135434642434
0.00105582096148
0.00443109264597
0.346122294664
0.00163035327569
0.662739634514
0.202257573605
0.521635532379
0.166248604655
0.0510303638875
0.00656623020768
0.0142354611307
0.0130249038339
0.217549905181
0.0140338586643
0.872211635113
0.0599059909582
7.62051195125e-06
0.00139658385888
0.0868902280927
0.258066356182
0.206918939948
0.00577032985166
0.122402176261
0.837286531925
0.00386761594564
0.0622703768313
0.0491364710033
0.0687143281102
0.037519313395
0.00785122998059
0.194502130151
0.0626346021891
0.00209224992432
0.0346270240843
0.0253036767244
0.00569865386933
0.337248891592
0.0658449083567
0.278805941343
0.206619173288
0.0298693403602
0.00788508076221
0.327400058508
0.0185547564179
0.991461634636
0.193310305476
0.180751428008
0.422135859728
0.62568962574
0.984348058701
0.762017965317
0.0103874858469
0.821378231049
0.0173325352371
0.438778698444
0.354590713978
0.0150819541886
0.0689659267664
0.00329678319395
0.0363434180617
0.565209388733
0.325136601925
0.146790936589
0.00357758207247
0.000256794824963
0.832343637943
0.00253526307642
0.0379089191556
0.148248210549
0.31586393714
0.83243727684
0.467977553606
0.0144728254527
0.482185274363
0.185110896826
0.00465319026262
0.00117418344598
0.000184464704944
0.893485367298
0.00204605981708
0.124766789377
0.0141849759966
0.0168795380741
0.273259609938
0.0050992667675
0.0125139234588
0.452627807856
0.00153331633192
0.041457850486
0.589579761028
0.113510705531
0.556048214436
0.0102912243456
0.0269269738346
0.0603626407683
0.0210954975337
0.779472053051
0.999833464622
0.908768773079
0.912187755108
0.102362416685
0.785381495953
0.899583041668
0.00103774038143
0.00420532003045
0.151175111532
0.0567353665829
0.188322126865
0.150192171335
0.0394406951964
0.000615061959252
0.020717792213
0.0380422659218
0.0197517890483
0.223588228226
0.581317901611
0.471634805202
0.0432849749923
0.997221231461
0.99356341362
0.137437924743
0.385774940252
0.635511994362
0.0181251242757
0.0306986495852
0.133636087179
0.0748285204172
0.0060219373554
0.977233231068
0.106903083622
0.984144985676
0.988311469555
0.429760962725
0.919507563114
0.223965495825
0.948082685471
0.693487465382
0.351965904236
0.00517439562827
0.0180013589561
0.30599078536
0.00027038686676
0.975361704826
0.164014101028
0.216391637921
0.70983928442
0.0285918433219
0.0410589054227
0.209601268172
0.0444430559874
0.00323153520003
0.000889451766852
0.119231753051
0.0131605751812
0.00621864572167
0.137884184718
0.0867723822594
0.162669718266
0.464431226254
0.000924899242818
0.0324682891369
0.0248887557536
0.155918627977
0.97765994072
0.10108526051
0.18410281837
0.00146949617192
0.0373427122831
0.0328105315566
0.0692038536072
0.00453400239348
0.996451258659
0.00106680521276
0.930830180645
0.0394400171936
0.144166901708
0.146846204996
0.00503771938384
0.000561938097235
0.980672180653
0.110621839762
0.1747957021
0.766142606735
0.969244539738
7.6607648225e-05
0.320567250252
0.00931909028441
0.0309293251485
0.123139478266
0.0789933353662
0.000272753881291
0.199904471636
0.000132975852466
0.161532312632
0.00958533491939
0.797028958797
0.00369710288942
0.00212681037374
0.98528534174
0.610775887966
0.112615115941
0.00249828281812
0.03120383434
0.126502215862
0.0285014286637
0.00354358088225
0.237055420876
0.0883414670825
0.862814605236
0.614517986774
0.0018519986188
0.437143087387
0.0640259161592
0.000608488160651
0.0712293609977
0.972736597061
3.44862055499e-05
4.04051388614e-05
0.534213066101
0.149316683412
0.0809294581413
0.00243506766856
0.00582153815776
0.0230456944555
0.237683027983
0.00247155083343
0.119543410838
0.050525046885
0.0418509468436
0.120107010007
0.0211795028299
0.0491541400552
0.054339107126
0.0070502362214
0.027458101511
0.295512527227
0.0103816548362
0.00313722994179
0.769530713558
0.0752182230353
0.225581333041
0.00978370476514
0.00218417285942
0.142525076866
0.0993561446667
0.454957574606
0.586460888386
0.0253650676459
0.0252796858549
0.983696222305
0.993088185787
0.964237391949
0.239732265472
0.00649384176359
0.114563435316
0.00101668178104
0.0759854838252
0.013504982926
0.289205849171
0.991354048252
0.0137331271544
0.53395742178
0.0695708468556
0.23195938766
0.185582369566
0.0813540890813
0.126991778612
0.790581762791
0.0136875212193
0.225747227669
0.21039621532
0.00250334548764
0.124348655343
0.0437238961458
0.0286611318588
0.0301673617214
0.00496091973037
0.956483602524
0.00189204746857
0.784910798073
0.103199206293
0.329366832972
0.991379499435
0.030901003629
0.501126289368
0.00826691277325
0.90985751152
0.128395453095
0.016299970448
0.047163259238
0.0122516453266
0.312582314014
0.109472937882
0.750546395779
0.136888667941
0.031424921006
0.417172789574
0.136813566089
0.0163308102638
0.00521093746647
0.0455553419888
0.0590640753508
0.10889198631
0.990363538265
0.614207148552
0.414052605629
0.0107101202011
0.370440244675
0.0176168046892
0.775995910168
0.0705976635218
0.0547804832458
0.00304346391931
0.247827857733
0.698580861092
0.0702511817217
0.353069871664
0.590713262558
0.283607453108
0.081637814641
0.0166736301035
0.367535114288
0.00453497748822
0.0420446284115
0.740040540695
0.00455621955916
0.0100062508136
0.087829247117
0.0658492296934
0.334694981575
0.79285299778
0.431349813938
0.683905661106
0.00280065648258
0.149694934487
0.106728702784
0.0201261118054
0.243134081364
0.0744157284498
0.0530101582408
0.0213928874582
0.448380738497
0.00242670066655
0.00276954262517
0.00679868739098
0.0290533322841
0.0478967987001
0.472062647343
0.00426461454481
0.073087349534
0.762060523033
0.143462121487
0.276061981916
0.302198708057
0.483105838299
0.360313177109
0.082972869277
0.0130742480978
0.0936535522342
0.0848443582654
0.755036234856
0.702485024929
0.163388490677
0.319893211126
0.0617485456169
0.0978237763047
0.218935400248
0.0709719061852
0.00469539221376
0.0368839018047
0.694039821625
0.562314093113
0.000108351450763
0.00335831567645
0.354948461056
0.000355184893124
0.00457522785291
0.0499992668629
0.430850625038
0.0309402663261
0.996037185192
0.269759953022
0.00847822148353
0.00665656290948
0.000495561223943
0.00175331521314
0.569253027439
0.121255926788
0.13728864491
0.275802135468
0.00141476816498
0.0305622778833
0.0249289683998
0.191848218441
0.24931819737
0.629260838032
0.426681935787
0.37110683322
0.00922423601151
0.306043416262
0.694281935692
0.100380413234
0.670777857304
0.476345390081
0.520462334156
0.021934716031
0.00659516453743
0.00321761891246
0.406652808189
0.157804459333
0.570880174637
0.351983249187
0.745202720165
0.00129509181716
0.544848561287
0.0178099945188
0.00123839091975
0.169418603182
0.0509569831192
0.871505141258
0.322893917561
0.245350465178
0.232911154628
0.00485067302361
0.00157039286569
0.128100082278
0.0119513468817
0.334268242121
0.292395889759
0.0294551327825
0.0897068828344
0.0863409489393
0.00831495597959
0.00225355569273
0.0198171865195
0.48793977499
0.571308076382
0.809864699841
0.181775450706
0.0806985273957
0.326530396938
0.0831423178315
0.006902909372
0.940684020519
0.522986292839
0.430865228176
0.0051321410574
0.0140853561461
0.000883898173925
0.0618668608367
0.0747390910983
0.0305623561144
0.0297762639821
0.0161572769284
0.0194208323956
0.00208843522705
0.0326420329511
0.00262806937099
0.179965287447
0.0867797508836
0.307472169399
0.423948585987
0.0603536367416
0.906079769135
0.686812579632
0.260909020901
0.594277441502
0.034466471523
0.00724255945534
0.200414538383
0.159001231194
0.743727445602
0.43916669488
0.123654678464
0.00195552920923
0.00111356482375
0.0109084639698
0.0188507772982
0.249748364091
0.02210832946
0.0168204270303
0.407661229372
0.313035547733
0.232564985752
0.0901742428541
0.369864225388
0.0478784516454
0.00318271201104
0.00171568489168
0.00259143160656
0.00361658027396
0.0194156430662
0.151340380311
0.0589121058583
0.0986851230264
0.180829510093
0.123418539762
0.0871958881617
0.0431600138545
0.0522080585361
0.00582085642964
0.00511356629431
0.000212390601519
0.00484265573323
0.000514309096616
0.0217894427478
0.633456766605
0.0044594630599
0.0174639746547
0.205906361341
0.979794085026
0.107605822384
0.604708373547
0.294747501612
0.108462661505
0.0455939508975
0.0413194969296
0.00880163162947
0.0265206787735
0.0124112479389
0.600611925125
0.0633812174201
0.274522125721
0.000731872511096
0.211410418153
0.800248265266
0.0551874898374
0.163741528988
0.000265111215413
0.0471586771309
0.0281260125339
0.0802730098367
0.982028841972
0.972999811172
0.970425784588
0.397175550461
0.927389204502
0.239393264055
0.167196542025
0.84375423193
0.761486172676
0.0373544059694
0.0058676386252
0.113298401237
0.0997730270028
0.045406062156
0.0964917615056
0.0173723101616
0.367889553308
0.297935903072
0.0551074966788
0.00904451403767
0.998993098736
0.808735251427
0.00550456810743
0.0942936986685
0.694264054298
0.00582651048899
0.6557918787
0.0311168283224
0.104620866477
0.00552775198594
0.200672671199
0.000383281934774
0.00207817205228
0.0185561142862
0.00706968037412
0.634059965611
0.190128713846
0.972414910793
0.998264849186
0.981541872025
0.0329001545906
0.0988573282957
0.0382762365043
0.242749750614
0.11633811146
0.0834488645196
0.00216413545422
0.0104979928583
0.845446586609
0.675128757954
0.00421347282827
0.53935444355
0.199716642499
0.000798216322437
0.00385956140235
0.00191930774599
0.139137342572
0.34471783042
0.152709200978
0.29879412055
0.409426748753
0.882019579411
0.0241710022092
0.28738924861
0.00424760719761
0.0507973209023
0.998602926731
0.0667469501495
0.122219204903
0.0161046124995
0.00514718424529
0.0111598940566
0.713719725609
0.0107311019674
0.110827326775
0.350647240877
0.0559065490961
0.164870426059
0.0593624077737
0.962459921837
0.0294487830251
0.00925869680941
0.108966067433
0.911774992943
0.0178445260972
0.0774719491601
0.0397279076278
0.00642604753375
0.306634098291
0.0111304279417
0.827098488808
0.427592366934
0.632915616035
0.611339092255
0.050742354244
0.962450265884
0.972146093845
0.373384088278
0.0348372906446
0.00587528944016
0.984292685986
0.0950850769877
7.98117907834e-05
0.266528397799
0.165166571736
0.00219229189679
0.0733177810907
0.100802823901
0.00812200736254
0.087055683136
0.36757683754
0.00612719962373
0.468011289835
0.664212524891
0.11118774116
0.127381771803
0.0776440650225
0.564337134361
0.0280883125961
0.000413458561525
0.0249294415116
0.426693797112
0.0297002736479
0.0574952960014
0.995489299297
0.934741318226
0.135612383485
0.399513423443
0.00349618610926
0.0292864851654
0.72684442997
0.885519623756
0.142530709505
0.00122962077148
0.0525739602745
0.0771257057786
0.868268966675
0.0735854953527
0.0578750967979
0.0639338642359
0.000574649486225
0.00249509303831
0.221985444427
0.915253162384
0.110466279089
0.961891293526
0.272200554609
0.486823409796
0.314570575953
0.00903616659343
0.250641047955
0.0466980449855
0.569562852383
0.00871684588492
0.0188134778291
0.605172216892
0.350217670202
0.0566800832748
0.0995819494128
0.0111054843292
0.164846882224
0.191009655595
0.323490411043
0.00230456376448
0.616957128048
0.00588078144938
0.926945865154
0.46034514904
0.444944322109
0.0655826851726
0.143428385258
0.926507294178
0.0201506242156
0.989895284176
0.0834424868226
0.0278172902763
0.0053097945638
0.135864630342
0.0112326750532
0.00776609359309
0.779813170433
0.636731922626
0.58249861002
0.103987142444
0.318584263325
0.00500119058415
0.897539675236
0.598084628582
0.556632578373
0.0512724630535
0.917120456696
0.559721648693
0.367579311132
0.0119637986645
0.836002230644
0.271762162447
0.584997653961
0.640269339085
0.927314937115
0.0458160117269
0.150903016329
0.906322062016
0.281111091375
0.22907063365
0.0189000032842
0.0417062602937
0.998725831509
0.720114290714
0.711272060871
0.0236668363214
0.00622861413285
0.818788230419
0.626137733459
0.144078046083
0.232644706964
0.105535708368
0.0326608456671
0.0057211285457
0.00658904761076
0.921214640141
0.199688613415
0.736569166183
0.519985318184
0.119402877986
0.0839009284973
0.208840757608
0.992937982082
0.0430210232735
0.196847230196
0.0576254725456
0.00247353012674
0.00667534349486
0.136093258858
0.438187539577
0.104224056005
0.302061378956
0.344845324755
0.997391581535
0.997110188007
0.992777764797
0.00180450489279
0.0533147640526
0.0196631886065
0.132545799017
0.229324832559
0.188023075461
0.150885894895
0.00480696186423
0.0269999112934
0.0051219840534
0.190427109599
0.000928500259761
0.000776912784204
0.106966920197
0.963464081287
0.421739637852
0.0130230151117
0.518233180046
0.792694270611
0.00730384979397
0.0133420657367
0.0156157631427
0.430010080338
0.119056031108
0.0260133072734
0.167124658823
0.348005533218
0.64652043581
0.0501865558326
0.0219090227038
0.25116917491
0.0101377917454
0.84075242281
0.0068776155822
0.00111380359158
0.016982300207
0.0628002136946
0.00439265137538
0.533541202545
0.263063400984
0.0212449822575
0.0248337239027
0.00958845857531
0.0102583002299
0.00497039128095
0.0948943421245
0.153836488724
4.22726807301e-05
0.0952154397964
0.000816557556391
0.000674252805766
0.0720549374819
0.119138412178
0.197222352028
0.0517135486007
0.0405245125294
0.064820677042
0.133642911911
0.000779912166763
0.000480123300804
0.00973904691637
0.00420877570286
0.0829765498638
0.00272967340425
0.994435787201
0.895252227783
0.995988428593
0.518254518509
0.01775021106
0.984285652637
0.94996035099
0.0510651953518
0.319059699774
0.06444799155
0.0247933510691
0.0796957761049
0.853926360607
0.476793318987
0.0331839546561
0.109499968588
0.0913654342294
0.682748258114
0.0307952333242
0.00228104437701
0.948578715324
0.00228967494331
0.00509417196736
0.146653920412
0.984859764576
0.886435687542
0.153037890792
0.0617675036192
0.11299982667
0.0216318778694
0.0511928349733
0.176944419742
0.000102100457298
0.567790687084
0.42777723074
0.231720611453
0.930522501469
0.00930798053741
0.443344593048
0.031398255378
0.0358161143959
0.0362736769021
0.587307929993
0.918981850147
0.900547385216
0.274735569954
0.0916991382837
0.443020522594
0.339566409588
0.91512542963
0.22402100265
0.0130253201351
0.617331445217
0.0791478380561
0.192939892411
0.807375788689
0.298165082932
0.0445659719408
0.0267741940916
0.843872725964
0.109666071832
0.00990176014602
0.0027515576221
0.453568786383
0.810699820518
0.924813807011
0.985163390636
0.198916211724
0.502192497253
0.243684723973
0.105671681464
0.21683897078
0.00581177370623
0.74117410183
0.0173599980772
0.381621629
0.0938277170062
0.344689905643
0.00105057039764
0.0756028145552
0.020456880331
0.118257008493
0.000335687887855
0.0243037957698
0.000256125320448
0.256541907787
0.00864677317441
0.00308651966043
0.00340499007143
0.560932219028
0.184459447861
0.0655698850751
0.0155734447762
0.00109985994641
0.0309298392385
0.0750844702125
0.398747384548
0.0425102449954
0.0148036656901
0.0029874027241
0.00486985687166
0.35286411643
0.771373331547
0.509440720081
0.533483028412
0.436241805553
0.509205937386
0.446039319038
0.994307219982
0.800221681595
0.110214024782
0.980639755726
0.966923773289
0.973802685738
0.977805137634
0.999707877636
0.919201076031
0.014931647107
0.020634425804
0.291826933622
0.843646466732
0.00929297693074
0.607392311096
0.243833020329
0.202310726047
0.0168251041323
0.0089256297797
0.928635537624
0.759506225586
0.0280546285212
0.76674258709
0.0141728725284
0.770194232464
0.0553020574152
0.0209340695292
0.0934544503689
0.0851855874062
0.978445410728
0.945252358913
0.13142247498
0.00607819901779
0.00626900512725
0.0797747820616
0.125235125422
0.517359972
0.36963146925
0.563908576965
0.841728150845
0.00140738929622
0.119529947639
0.0597291626036
0.196780204773
0.968770384789
0.868071198463
0.0498084276915
0.605243563652
0.632142841816
0.00104131258558
0.0309736281633
0.0326174497604
0.0327319055796
0.0210826583207
0.000332299678121
0.15824919939
0.963494181633
0.533803641796
0.500955343246
0.00833053328097
0.0833656042814
0.030558526516
0.298518925905
0.00925846025348
0.00271681160666
0.000810346798971
0.00101609784178
0.0271132662892
0.0253897532821
0.0956917330623
0.0354095995426
0.547484457493
0.105979211628
0.00203215586953
0.0146608510986
0.223200902343
0.0291881207377
0.17980825901
0.318609535694
0.144614934921
0.192760840058
0.00893738493323
0.0455295480788
0.494972288609
0.172995105386
0.0219749305397
0.0298636481166
0.0576465241611
0.00246120709926
0.0582247935236
0.971856415272
0.0252093728632
0.000662513659336
0.239233508706
0.0114940814674
0.00931533612311
0.0034527934622
0.0145946228877
0.340092480183
0.075570166111
0.185960307717
0.0792234539986
0.988641917706
0.00955498032272
0.916328191757
0.653694391251
0.186175212264
0.00716036418453
0.111610338092
0.198946997523
0.169120565057
0.81199079752
0.0872203558683
0.161449491978
0.344601035118
0.0656340569258
0.0195208601654
0.501448214054
0.0514025017619
0.160332009196
0.0201869644225
0.00949850771576
0.225078329444
0.171607866883
0.0052472348325
0.415181845427
0.921145737171
0.707147836685
0.0787041261792
0.694231629372
0.66869354248
0.000194862746866
0.0715258643031
0.0023615853861
0.00362306903116
0.603762626648
0.286373823881
0.589812636375
0.000693413079716
0.00922806281596
0.0223719663918
0.048293415457
0.0111879501492
0.232464805245
0.028013901785
0.0365899093449
0.290993928909
0.34631177783
0.000744970806409
0.758926093578
0.124621942639
0.0595349371433
0.102901093662
0.0346940644085
0.026279784739
0.22073212266
0.114076569676
0.0689430162311
0.23743185401
0.518516421318
0.0061229118146
0.912929594517
0.00956619158387
0.00954300258309
0.984217762947
0.00282208668068
0.227782472968
0.00212411396205
0.714383482933
0.894906938076
0.340372443199
0.0698883384466
0.000980683136731
0.145486831665
0.00750928744674
0.00213559926488
0.200981333852
0.317228913307
0.00493406224996
0.015997312963
0.00578435277566
0.34184089303
0.0752875581384
0.0257859416306
0.014586285688
0.0320856198668
0.272044986486
0.530764818192
0.00448674662039
0.0362794697285
0.614877402782
0.0344930291176
0.941099703312
0.0659017711878
0.6420327425
0.0859119296074
0.434727311134
0.635722517967
0.495982527733
0.784339189529
0.0627091303468
0.102702386677
0.0629946663976
0.0489751398563
0.0376154370606
0.722830474377
0.16471144557
0.000959537108429
0.0955267846584
0.13547514379
0.509433448315
0.00182799529284
0.252312898636
0.490245372057
0.0207880940288
0.0244691222906
0.00656623346731
0.987730920315
0.344308584929
0.0520841963589
0.719100117683
0.212902516127
0.0978203639388
0.167093187571
0.113076560199
0.250394910574
0.0545395351946
0.188042134047
0.124841205776
0.00825732480735
0.0399959795177
0.000851965683978
0.0514243505895
0.0575858093798
0.352866202593
0.83467310667
0.0347806587815
0.588383674622
0.281117975712
0.0706355124712
0.0176365543157
0.00284581049345
0.00449469778687
0.301785409451
0.00141907390207
0.0231876187027
0.451531261206
0.0894696488976
0.0413233786821
0.139759421349
0.931222736835
0.0510896742344
0.385845988989
0.006280973088
0.253036022186
0.0341195836663
0.00978452246636
0.340971052647
0.0513705275953
0.0696079879999
0.819235503674
0.632931411266
0.0854779779911
0.00748271960765
0.00013349877554
0.0323081463575
0.263541638851
0.10707770288
0.997053146362
0.985309779644
0.0163436997682
0.00396593799815
0.326910048723
0.14608925581
0.0695100203156
0.110771328211
0.0175626203418
0.000437355251051
0.401358395815
0.0215441565961
0.539281725883
0.0392331779003
0.0218227133155
0.0126384198666
0.288852125406
8.62726155901e-05
0.00939627736807
0.00658648880199
0.0160205829889
0.0279760789126
0.00419978238642
0.828381121159
0.851152658463
0.947292029858
0.00206214305945
0.0210734121501
0.872420072556
0.998151600361
0.991885662079
0.433666050434
0.00176125753205
0.0307128857821
0.464864939451
0.0411509796977
0.726479530334
0.00388126564212
0.0595189891756
0.00422142306343
0.0142297940329
0.00957824848592
0.113650910556
0.638033986092
0.00162072409876
0.163949579
0.0154828904197
0.183794468641
0.0529570877552
0.0037099274341
0.986212134361
0.993877708912
0.394586890936
0.0348425656557
0.341773509979
0.0423180609941
0.0353663340211
0.117176219821
0.205478057265
0.00161439727526
0.0522622987628
0.000171354258782
0.000429788633483
0.861788094044
0.996404886246
0.990542471409
0.998217642307
0.139144897461
0.0847265869379
0.194499641657
0.0713157951832
0.893586039543
0.999112665653
0.99880361557
0.800011456013
0.99373537302
0.0307199005038
0.00234015472233
0.954036235809
0.00622354820371
0.176707983017
0.553277492523
0.987913429737
0.0575119927526
0.0382308140397
0.109738014638
0.0651041790843
0.0376089960337
0.0150188310072
0.173271492124
0.0921135991812
0.00683335540816
0.969354391098
0.00151095085312
0.985807538033
0.214566022158
0.98589348793
0.996132969856
0.968520402908
0.927266180515
0.0215272605419
0.317662209272
0.782059371471
0.123528398573
0.100063934922
0.00516124861315
0.626083314419
0.969260692596
0.934779047966
0.0640944838524
0.206475034356
0.252061665058
0.0461689047515
0.581027090549
0.0110634397715
0.323084414005
0.0656189098954
0.984506309032
0.962415933609
0.999507546425
0.946593999863
0.998618364334
0.957989156246
0.0438168719411
0.569390356541
0.010132573545
0.130932077765
0.315827220678
0.687636613846
0.134815126657
0.092253446579
0.0521924979985
0.0056556458585
0.000212910483242
0.127627164125
0.155600830913
0.267399758101
0.238088443875
0.400693506002
0.0973922237754
0.212373882532
0.00269118160941
0.20059260726
0.268278807402
0.0702643096447
0.25408744812
0.165102273226
0.048930965364
0.789465606213
0.294989109039
0.299485564232
0.0337219908834
0.0200281105936
0.0069333538413
0.010322496295
0.0249052923173
0.269809424877
0.42078897357
0.00428178906441
0.346611261368
0.00279862526804
0.311424851418
0.900996029377
0.0101150646806
0.00128623982891
0.996115207672
0.977527797222
0.462935358286
0.00225323834457
0.0217067673802
0.0119314529002
0.578621029854
0.0018706752453
0.550069093704
0.00938341487199
0.572912335396
0.0125803528354
0.908035576344
0.0214833877981
0.00615723291412
0.113134287298
0.0758664086461
0.0208332017064
0.0584112890065
0.120786651969
0.849557995796
0.858995676041
0.575357973576
0.0723185092211
0.192907601595
0.452996134758
0.00470529450104
0.00332140014507
0.0367699973285
0.00851562153548
0.000256026454736
0.0664660781622
0.261646896601
0.00675517180935
0.246746197343
0.509840548038
0.00764311710373
0.00886535737664
0.00596113363281
0.338723778725
0.000422227254603
0.0505666621029
0.00223440607078
0.708328604698
3.92408765038e-07
1.15446908922e-07
0.000273871788522
0.0547863654792
0.362026512623
8.11419304227e-05
0.515622615814
0.0720553696156
0.0116987582296
0.588958621025
0.658858120441
0.0142455492169
0.00825137179345
0.0788760110736
0.000809332763311
0.00219156802632
0.00979468226433
0.0716403126717
0.00200678640977
0.986539065838
0.0312960706651
0.924271762371
0.630443334579
0.00939467083663
0.225367829204
0.849779546261
0.0247320383787
0.901406884193
0.813733518124
0.696980893612
0.000967050087638
0.0532724112272
0.0725496634841
0.00448866374791
0.0319504998624
0.104549504817
0.0213435254991
0.370822310448
0.409073680639
0.0478358864784
0.00957356765866
0.0871627256274
0.140208944678
1.40030833791e-05
0.000643055594992
0.00196155509911
0.0260870214552
0.791616261005
0.999018907547
0.996449708939
0.0481413081288
0.0474271774292
0.0105552049354
0.371978491545
0.0740798264742
0.243366762996
0.00581533182412
0.185633227229
0.00318298442289
0.10060800612
0.708145022392
0.00796118937433
0.910058498383
0.862515985966
0.0322417989373
0.225727424026
0.0744195654988
0.102436482906
0.0386104173958
0.237584531307
0.00279763527215
0.00768040539697
0.00237371120602
0.238030448556
0.282059758902
0.855708479881
0.219015151262
0.365327507257
0.00811397936195
0.762502849102
0.186328396201
0.829888403416
0.0666215345263
0.286394625902
0.486138850451
0.0346264578402
0.0017617380945
0.0604181438684
0.0335076339543
0.0147493248805
0.43583291769
0.938969492912
0.134539559484
0.000518551038112
0.00410259561613
0.00556742958724
0.310399144888
0.674732327461
0.0043370067142
0.0865726470947
0.022720599547
0.616826891899
0.000783036113717
0.00986474007368
0.0259030759335
0.0348169356585
0.752486109734
0.0165508259088
0.0966294109821
0.134222403169
0.585456430912
0.00169702083804
0.0410863421857
0.271811306477
0.0072685838677
0.00137365073897
0.906290352345
0.278222084045
0.237876057625
0.945075452328
0.976721167564
0.327789604664
0.00537019129843
0.00248699588701
0.00339401932433
0.00969556625932
0.0049419910647
0.0022187626455
0.737794578075
0.00664504896849
0.000644506013487
0.00258550653234
0.0207697134465
0.961149156094
0.884869098663
0.358388692141
0.225109353662
0.405064851046
0.0454639159143
0.29452162981
0.000508318771608
0.363195747137
0.336747080088
0.384860038757
0.021062778309
0.00620326446369
0.00586386537179
0.308272749186
0.0137413451448
0.299138188362
0.00531994877383
0.247586593032
0.523158431053
0.617623031139
0.262940376997
0.772740364075
0.992924213409
0.992122113705
0.0554207451642
0.0472865179181
0.682776033878
0.970268666744
0.938021481037
0.762733161449
0.451241493225
0.0613965541124
0.0256233364344
0.901156783104
0.717041790485
0.358447372913
0.813609778881
0.982014894485
0.988588094711
0.0025892695412
0.0712293908
0.013539807871
0.0107638370246
0.215717762709
0.751781761646
0.811654627323
0.0133122391999
0.0080038420856
0.054102871567
0.0542891919613
0.00181250681635
0.0628888830543
0.0337592847645
0.0154789863154
0.00595258083194
0.0342126116157
0.698418080807
0.528522610664
0.215723395348
0.0793302506208
0.148239091039
0.00117623084225
0.027574962005
0.444438934326
0.332917004824
0.00027687867987
0.345444381237
0.0537350401282
0.0133103914559
0.837232232094
0.525584697723
0.83042383194
0.307499676943
0.753517866135
0.623801648617
0.975780367851
0.818695187569
0.365209460258
0.6838773489
0.12703320384
0.908171951771
0.959290504456
0.929554462433
0.000785596726928
0.000349388312316
0.000568874063902
0.0516822971404
0.00707155559212
0.492346525192
0.373739480972
0.160728394985
0.227145016193
0.973179280758
0.00274198874831
0.0908566266298
0.0995925217867
0.0925088003278
0.496543258429
0.118604928255
0.0267325025052
0.567364692688
0.0100190034136
0.00215020845644
0.409581869841
0.0134598203003
0.243812307715
0.049685433507
0.654180943966
0.363584280014
0.0495748445392
0.445087552071
0.0171570871025
0.00445918133482
0.378096312284
0.422919780016
0.0298099480569
0.650683283806
0.228077739477
0.429479002953
0.723635137081
0.0121769718826
0.153708696365
0.953320801258
0.0423646681011
0.0214408524334
0.969782590866
0.0238568056375
0.0330296196043
0.403982371092
0.0421865731478
0.0062674167566
0.0212221760303
0.990355730057
0.794393658638
0.100510455668
0.107417136431
0.292929917574
0.141127035022
0.296388685703
0.0034393472597
0.11823644489
0.963712692261
0.935468196869
0.682653605938
0.0242416672409
0.168580427766
0.30205860734
0.0729456618428
0.00605688476935
0.151197388768
0.277032136917
0.0696016550064
0.0776948779821
0.937015712261
0.675632059574
0.101709119976
0.103014737368
0.00134397426154
0.45377856493
0.259884029627
0.0062892078422
0.00418126909062
0.866288542747
0.0246097967029
0.00674888771027
0.0136295054108
0.786485671997
0.925953090191
0.0373265519738
0.163708776236
0.0868930667639
0.00600235583261
0.0154603812844
0.265842169523
0.00764885591343
0.0010145381093
0.856058776379
0.174366503954
0.790066003799
0.00264479406178
0.12245579809
0.973164081573
0.00129841675516
0.0966989025474
0.0770205929875
0.12161886692
0.057018827647
0.00915131065995
0.0210554394871
0.712769210339
0.0955471172929
0.00821375939995
0.711744129658
0.0398071035743
0.0227801222354
0.00160352804232
0.0277117192745
0.880956232548
0.109928078949
0.584293842316
0.00319864065386
0.388807177544
0.867601692677
0.241034552455
0.415864646435
0.150956049562
0.168708264828
0.584088861942
0.00131491932552
0.00312147126533
0.0396428778768
0.599365651608
0.0525202043355
0.488878518343
0.905679583549
0.192810982466
0.00969265401363
0.365783125162
0.152593448758
0.000971193891019
0.306399285793
0.0327780656517
0.079170666635
0.0288851559162
0.114258818328
0.00305913109332
0.0249283891171
0.843008756638
0.0242585521191
0.0451624803245
0.0136231807992
0.474119991064
0.015205626376
0.0230668168515
0.882485330105
0.455662548542
0.00889577716589
0.993290066719
0.00325102335773
0.0117520419881
0.0338604822755
0.991633534431
0.0755285695195
0.512929737568
0.0477438941598
0.910541832447
0.413851231337
0.111649863422
0.260460436344
0.070999674499
0.0326979644597
0.00230859871954
0.0332934595644
0.0381896570325
0.0132947191596
0.0743301361799
0.403648734093
0.382549762726
0.179481849074
0.0159886535257
0.00175393221434
0.747935056686
0.00481112906709
0.825647413731
0.814196169376
0.0954766124487
0.00911507103592
0.123197756708
0.0252695530653
0.0493464581668
0.00676909694448
0.00800662208349
0.798884749413
0.00178902794141
0.00657594483346
0.10750439018
0.0599694289267
0.385094851255
0.00745919998735
0.023283360526
0.0755282044411
0.00583720952272
0.152955472469
0.615249216557
0.123118296266
0.856728792191
0.307971656322
0.0179062727839
0.938907921314
0.0221046041697
0.0280518699437
0.151185885072
0.0360602661967
0.591355323792
0.664972543716
0.0105898557231
0.642828643322
0.184804156423
0.00962878577411
0.176753565669
0.456017702818
0.123572185636
0.892008841038
0.15703125298
0.134118914604
0.0132896034047
0.0521622337401
0.000225296229473
0.0251880846918
0.000411619083025
0.00144525594078
0.272799342871
0.334468394518
0.111935772002
0.282629102468
0.0195974446833
0.253400087357
0.0235767699778
0.00793208926916
0.587481319904
0.00453138630837
0.0916448608041
0.00859913323075
0.00116967514623
0.00215856684372
0.04090141505
0.0314817093313
0.000642284401692
0.0691316574812
0.0111801400781
0.659107744694
0.0163248069584
0.955755770206
0.0313008539379
0.0213128793985
0.174670904875
0.175424903631
0.216718316078
0.131527766585
0.0317345894873
0.998755097389
0.00438307505101
0.433415859938
0.925695061684
0.389805108309
0.0213111825287
0.00278497301042
0.35841178894
0.000819922774099
0.00750851677731
0.0872616842389
0.00472375797108
0.218073651195
0.00187872862443
0.000371325411834
0.00738350208849
0.007428904064
0.0268609337509
0.0117135103792
0.039037656039
0.00520210294053
0.000347539724316
0.317521482706
0.0121145015582
0.0152369402349
0.0103597734123
0.108946084976
0.0059845210053
0.361646443605
0.521176874638
0.148197606206
0.0634894892573
0.00759441079572
0.0043834540993
0.373322457075
0.00538002420217
0.612560927868
0.0452740713954
0.00193798728287
0.577984392643
0.111359193921
0.00670943176374
0.116777710617
0.0019476050511
0.6754129529
0.000173765511136
0.147618412971
0.182518437505
0.0458685792983
0.0127900317311
0.197210893035
0.0129833398387
0.911061048508
0.116760000587
0.00040404003812
0.238827079535
0.0568134263158
0.041709240526
0.00112378282938
0.0171350836754
0.270304739475
0.937089323997
0.0245966538787
0.174593478441
0.0150250624865
0.00877931248397
0.744630634785
0.179025694728
0.6202724576
0.150858983397
0.672968566418
0.0415542908013
0.918640375137
0.407081574202
0.216792032123
0.281993567944
0.00063432432944
0.00912322755903
0.0201142672449
0.144080802798
0.168812870979
0.598763287067
0.299296915531
0.579351603985
0.00272566406056
0.136280819774
0.00259575759992
0.0583929233253
0.277799487114
0.0032097583171
1.08705671664e-06
0.398425042629
0.72900146246
0.0970345363021
0.00110655289609
0.0184921827167
0.0130179282278
0.00520337885246
0.0122348135337
0.370538383722
0.0212722830474
0.0801689699292
0.686964809895
0.0317779667675
0.537212789059
0.133948370814
0.914291977882
0.0158899258822
0.0422780662775
0.131427183747
0.023406708613
0.422740787268
0.644830644131
0.157776072621
0.0499301254749
0.0207932014018
0.0291283279657
0.133946955204
0.279758185148
0.409275084734
0.00131695403252
0.117458291352
0.900295436382
0.0176978688687
0.000601876643486
0.118946127594
0.530220985413
0.00393757410347
0.00462953140959
0.0116399368271
0.0188089627773
0.0116902496666
0.00174412725028
0.0119163077325
0.00292854127474
0.017508065328
0.124537311494
0.652180016041
0.649880111217
0.000761671632063
0.49163171649
0.0412568673491
0.940986633301
0.86697769165
0.00260747619905
0.00521340733394
0.00735182361677
0.00306193321012
0.00583632150665
0.00685934210196
0.39602252841
0.185476079583
0.407069295645
0.0439099892974
0.392535209656
0.000636814511381
0.0205187480897
0.943779468536
0.0621561668813
0.0875867754221
0.0248546171933
0.240643188357
0.0108574172482
0.0525484830141
0.657107889652
0.251643806696
0.338458299637
0.130623102188
0.0255198590457
0.138400197029
0.0552342012525
0.00136260036379
0.124071232975
0.256096899509
0.0321687720716
0.000267239374807
0.00821599364281
0.136950284243
0.296805292368
0.423247337341
0.595308363438
0.00255363876931
0.00305604073219
0.607926845551
0.257242381573
0.00676320400089
0.0496291331947
0.0178382843733
0.0206332691014
0.941425204277
0.150515452027
0.0140924239531
0.954175055027
0.316259562969
0.831420898438
0.00616634078324
0.044834125787
0.412337422371
0.397872626781
0.450940489769
0.183994978666
0.0178535860032
0.12552729249
0.101200819016
0.0538836531341
0.0268506668508
0.0165837667882
0.0206340234727
0.0163612104952
0.0104748075828
0.356204330921
0.00189444608986
0.224341183901
0.305965393782
0.000221963215154
0.123817443848
0.153903707862
0.0199175924063
0.0185117349029
0.00477230222896
0.0169235747308
0.00863627437502
0.049872726202
0.456905603409
0.0292776804417
0.0822723954916
0.118680104613
0.0944397523999
0.0589727312326
0.175283238292
0.0395518355072
0.135976031423
0.000482495466713
0.0145787009969
0.385380923748
0.0106111606583
0.00888475216925
0.000719214498531
0.240155875683
0.116042390466
0.00163104105741
0.0171240065247
0.0549208447337
0.0270891580731
0.000769735546783
0.630468726158
0.0556821152568
0.0372928977013
0.00566584756598
0.407771080732
0.518059551716
0.176248595119
0.416961818933
0.000678619777318
0.000934664625674
0.00171965546906
0.124262183905
0.031600702554
0.00225072912872
0.214096426964
0.250048279762
0.253133893013
0.00550046376884
0.0764586105943
0.700160622597
0.0509195551276
0.062632702291
0.109573453665
0.0426567047834
0.717301666737
0.327650874853
0.00184120587073
0.119542106986
0.77807277441
0.0672888159752
0.10806813091
0.0305533166975
0.0636053085327
0.00885677617043
0.0546293109655
0.0215645115823
0.332866191864
0.0290965884924
0.00336963753216
0.744199097157
0.0182919539511
0.00706932879984
0.012666833587
0.240014404058
0.00427051680163
0.00877679418772
0.00525330659002
0.0127470847219
0.00541788851842
0.00568354595453
0.0267947521061
0.123147927225
0.693089425564
0.0304622016847
0.0916459709406
0.153474539518
0.00791531614959
0.0627465471625
0.00506777269766
0.379641860723
0.206507056952
0.00050601962721
0.768578708172
0.0714887082577
0.00640838919207
0.0295500420034
0.198543161154
0.135291993618
0.0333013795316
0.178081959486
0.00163012195844
0.377182126045
0.945130109787
0.0129719246179
0.0255566090345
0.143552288413
0.0079716462642
0.196257725358
0.303144186735
0.049664825201
0.00696434592828
0.00242631253786
0.0126068564132
0.00296049984172
0.00244379253127
0.0139495311305
0.187296614051
0.467928260565
0.252139419317
0.185645580292
0.214278787374
0.00780398398638
0.392674028873
0.734028697014
0.0149153014645
0.000202159892069
0.891585886478
0.659341394901
0.247692510486
0.0809647962451
0.0638787671924
0.745611846447
0.000286086869892
0.132547408342
0.712630391121
0.00955196656287
0.870347976685
0.220686078072
0.0551074072719
0.0458505526185
0.175547808409
0.00743145635352
0.332258373499
0.0878917053342
0.00221764715388
0.0436137765646
0.00607947586104
0.0106289377436
0.0614232830703
0.0217769611627
0.000145024911035
0.0937682986259
0.220568522811
0.0433531105518
0.699350476265
0.0422572270036
0.0532388724387
0.762774288654
0.465256810188
0.187931120396
0.00395306712016
0.0540066212416
0.0415325462818
0.826549947262
0.610476374626
0.308793157339
0.00378102948889
0.0309808608145
0.116887405515
0.181341797113
0.460062921047
0.00803044065833
0.0107108177617
0.0116502372548
0.466737210751
0.485972136259
0.435560196638
0.00638446584344
0.823110342026
0.00371302338317
0.212267756462
0.00248373183422
0.254205346107
0.713959336281
0.735717475414
0.0477147549391
0.0641414374113
0.130152568221
0.0222644507885
0.0426995754242
0.892774760723
0.00821837503463
0.507583141327
0.210536897182
0.00372066744603
0.00107318360824
0.807906031609
0.067009806633
0.057509355247
0.235596269369
0.761590600014
0.00370165100321
0.00210522441193
0.418691337109
0.30656221509
0.0140959098935
0.106918171048
0.0805792361498
0.00603305641562
0.141294777393
0.883867204189
0.0073780589737
0.162686988711
0.195300102234
0.00834170822054
0.22201178968
0.00532987900078
8.76281701494e-05
0.00461106002331
0.632121264935
0.00944170635194
0.0050546284765
0.00418961234391
0.0970477834344
0.458264559507
0.0251403916627
0.768608152866
0.15470148623
0.150539696217
0.01797487773
4.18913214162e-06
0.0276709757745
0.282286703587
0.210399284959
0.0349426753819
0.349956661463
0.889794409275
0.369869440794
0.0696946233511
0.637774348259
0.196697741747
0.311185568571
0.00623285677284
0.257952988148
0.633495032787
0.547612667084
0.134051159024
0.00265523442067
0.0486565046012
0.151298701763
0.0949778780341
0.0286005660892
0.00235222000629
0.798902332783
0.858530402184
0.164308458567
0.194017589092
0.676587581635
0.079062782228
0.3585922122
0.000664253544528
0.206043660641
0.00445594824851
0.000590142910369
0.305197656155
0.101527310908
0.0899102389812
0.0648627951741
0.0138870580122
0.05808423087
0.0206067934632
0.246440649033
0.0123477419838
0.0802284181118
0.75706744194
0.00793436728418
0.274491280317
0.000298094557365
0.00176465034019
0.00759248156101
0.100646570325
0.0113065829501
0.0356240831316
0.00630729878321
0.722210764885
0.838293194771
0.0299343448132
0.936648726463
0.0337680839002
0.424892991781
0.0628315210342
0.0382442958653
0.396547436714
0.00127035134938
0.0162048246711
0.682530045509
0.200745031238
0.988363325596
0.801100611687
0.537545263767
0.00725992862135
0.00319142709486
0.0227459296584
0.151529625058
0.00525756692514
0.0017778116744
0.101832829416
0.00124077301007
0.00126034766436
0.00512627186254
0.0156456753612
0.000978684751317
0.00237699155696
0.000192889390746
0.925496101379
0.549559056759
0.195747956634
0.0295667219907
0.104021474719
0.339001625776
0.14594078064
0.0142607828602
0.000480808666907
0.00116461934522
0.448197424412
0.89469063282
0.165424674749
0.971498548985
0.150290846825
0.127260521054
0.740099549294
0.0895060449839
0.606974720955
0.221684992313
0.260716885328
0.0429746694863
0.00493842130527
0.00646882364526
0.00161377713084
0.0671940818429
0.0149423340335
0.0240897908807
0.0151637485251
0.323474317789
0.171035856009
0.48289296031
0.00800944399089
0.52318251133
0.0519707202911
0.00810981635004
0.155304312706
0.0551824904978
0.260939061642
0.0996300950646
0.114278316498
0.028107477352
0.120552748442
0.186910226941
0.339448601007
0.0843306034803
0.04853092134
0.309648215771
0.327211588621
0.836636662483
0.00563131971285
0.133567735553
0.415376901627
0.0278204586357
0.0738626644015
0.2806853652
0.88838404417
0.227410271764
0.00445235148072
0.0218921341002
0.00572697399184
0.00247660162859
0.267964333296
0.535925209522
0.167120218277
0.666890203953
0.0327360741794
0.0269863028079
0.420962065458
8.43479210744e-05
0.395786672831
0.00158783048391
0.298882544041
0.0686032623053
0.0527455210686
2.26533757086e-05
0.1178316921
0.00110394484363
0.0193837396801
0.0493904203176
0.0175801608711
0.0292881857604
0.512554585934
0.17861777544
0.0176132321358
0.000219061374082
0.0290631595999
0.0700099691749
0.0148179987445
0.337979733944
0.0111885350198
0.0943446531892
0.0434926077724
0.646925926208
0.0657726153731
0.500799000263
0.00432885624468
0.00318590737879
0.00585673097521
0.0645067691803
0.105807423592
0.0148670077324
0.0358747988939
0.0516796298325
0.516910851002
0.682255744934
0.0452390126884
0.0113508785143
0.62058109045
0.261222481728
0.0019940235652
0.162528693676
0.0861344486475
0.0915743708611
0.128001004457
0.00260430853814
0.00969719141722
0.353518694639
0.0738006308675
0.464970737696
0.237953200936
0.0104531720281
0.0252465028316
0.041783798486
0.0858466774225
0.250787198544
0.0180801674724
0.077608473599
0.548259317875
0.127141103148
0.000706707534846
0.186755597591
0.01935419254
0.00929716136307
0.0858834013343
0.16034835577
0.185497403145
0.0517482161522
0.0705485269427
0.00183592026588
0.123245351017
0.076577924192
0.61333078146
0.0260085556656
0.206845670938
0.00134584435727
0.0598160885274
0.00397602375597
0.708385229111
0.0732286423445
0.989876568317
0.202240198851
0.360656023026
0.00934075284749
0.0304297693074
0.0568068772554
0.00110385601874
0.0474823974073
0.113188266754
0.128621920943
0.227443665266
0.312854886055
0.203422248363
0.14304035902
0.189207628369
0.00373225240037
0.0791426748037
0.454195529222
0.00069110764889
0.0010017901659
0.0489988923073
0.0177962612361
0.00399642903358
0.0885937511921
0.024795813486
0.468074053526
0.072095118463
0.0174666568637
0.298420637846
0.140994086862
0.625299811363
0.00459565827623
0.00453839311376
0.326423943043
0.356177777052
0.0625927522779
0.0050912629813
0.000332402996719
0.000382192258257
0.946406781673
0.000379492004868
8.88428839971e-05
0.572282612324
0.054823089391
0.0940949991345
0.111294709146
0.893976390362
0.0279326140881
0.682981133461
0.504696786404
0.333996862173
0.641375780106
0.00102387322113
0.839281976223
0.0680060759187
0.0347146242857
0.0344187244773
0.125031009316
0.113741286099
0.227446466684
0.492235600948
0.119756095111
0.042407553643
0.00431111082435
0.00899422261864
0.204478129745
0.0481145679951
0.110852867365
0.522679388523
0.136533260345
0.203304842114
0.52637553215
0.0021958576981
0.997600138187
0.848046243191
0.336551755667
0.563125014305
0.159514471889
0.520515978336
0.00480297161266
0.083653241396
0.16476328671
0.0856474414468
0.766030013561
0.131417796016
0.00987349078059
0.720736443996
0.529093563557
0.0324700661004
0.0069846464321
0.0166075788438
0.00393767328933
0.0288390666246
0.0317104682326
0.741206645966
0.107314325869
0.0494623370469
0.220625281334
0.0960595160723
0.018387991935
0.00731771998107
0.804935216904
0.977949142456
0.0194836016744
0.0467543825507
0.0702757462859
0.141903862357
0.508250772953
0.366853535175
0.000855952035636
0.0446337424219
0.01052958332
0.0365476571023
0.237626418471
0.00224763643928
0.000432338769315
0.00304285041057
0.0510201454163
0.0752209872007
0.0131035130471
0.284900546074
0.0228120982647
0.0615169294178
0.00536685623229
0.044508844614
0.0574377253652
0.12474591285
0.479793190956
0.840615391731
0.335854530334
0.0297875609249
0.00407004123554
0.00648602936417
0.0035799946636
0.291252583265
0.104826800525
0.0285443160683
0.0544566959143
0.601471602917
0.0133176837116
0.00101756548975
0.00037789795897
0.972365736961
0.997520387173
0.00653158640489
0.108089923859
0.176270127296
0.0266574118286
0.0641883388162
0.30793005228
0.298596799374
0.479335874319
0.0142827797681
0.241837397218
9.56628136919e-05
0.0180337764323
0.38069742918
0.265939950943
0.00793361291289
0.398630172014
0.842107474804
0.0247404817492
0.0886450111866
0.0468555390835
0.0113402782008
0.13897562027
0.0283850878477
0.0105282114819
0.550880551338
0.397503197193
0.534393072128
0.0659931898117
0.0173010099679
0.00248535792343
0.443201601505
0.0242928415537
0.350613623857
0.0854081362486
0.0185450538993
0.00500123109668
0.0628240406513
0.0380040332675
0.0286177657545
0.00753969047219
0.374332547188
0.0806254073977
0.00659753289074
0.000937980599701
0.525972545147
0.00866698008031
0.320418983698
0.0555912591517
0.524181127548
0.575208306313
0.0024099801667
0.936565279961
0.0116802537814
0.211433500051
0.00322185037658
0.169869735837
0.0217831619084
0.0983748808503
0.142706274986
0.0938015133142
0.0105996979401
0.059700012207
0.749966204166
0.722713470459
0.0197397675365
0.0442163869739
0.0937413424253
0.0179493576288
0.284139215946
4.87667348352e-05
0.29323169589
0.67710930109
0.0393151380122
0.0566937103868
0.0972409024835
0.880115807056
0.0217304043472
0.0191577021033
0.197827577591
0.474622964859
0.265516102314
0.0586755238473
0.0186552293599
0.930602192879
0.0792844817042
0.959222614765
0.921741366386
0.335957854986
0.117015719414
0.0547355003655
0.0290763508528
0.0543640442193
0.138005107641
0.210016995668
0.0352366566658
0.052737608552
0.00172272138298
0.0051597696729
0.00393005926162
0.00183684506919
0.21573369205
0.413169562817
0.408900827169
0.0859171524644
0.0428598038852
0.00618118606508
0.00423761317506
0.479903966188
0.505379080772
0.000496661872603
0.516545057297
0.139150306582
0.00119349244051
0.288769394159
0.614401459694
0.652040421963
0.113327294588
0.451623558998
0.0207700766623
0.00806647352874
0.321185082197
0.20647777617
0.0758440941572
0.00561519386247
0.00378641602583
0.0935205742717
0.252437353134
0.280094891787
0.698061227798
0.12438391149
0.0224836524576
4.16092771047e-05
0.000196149369003
0.00119799608365
0.0046573751606
0.0793099924922
0.115511372685
0.0144963907078
0.00172176782507
0.0459125824273
0.248961284757
0.0143106263131
0.0497132912278
0.873072385788
0.00198160856962
0.000345765409293
0.00486097531393
0.0179891549051
0.0316487625241
0.00266552553512
0.000238265987718
8.55227262946e-05
0.247088819742
0.00799069274217
0.00381836248562
0.361747503281
0.0321783274412
0.348232626915
0.952650547028
0.746753394604
0.00094127561897
0.382119864225
0.00904665514827
0.216800257564
0.0283145289868
0.0443948246539
0.00370883475989
0.000860927684698
0.00364176463336
0.0365055128932
0.0199265852571
0.0175080243498
0.0226407237351
0.756937801838
0.00772051746026
0.000864968344104
0.441559374332
0.269996315241
0.0889307782054
0.835889816284
0.844629645348
0.404440373182
0.134996145964
0.155309662223
0.215382456779
0.0405004546046
0.646536767483
0.35316541791
0.0283405818045
0.802997767925
0.218019768596
0.00938365887851
0.0445901490748
0.0731599256396
0.100744321942
0.0305468533188
0.00475500803441
0.395141929388
0.00171244738158
0.607255339622
0.514060676098
0.0384696759284
0.169768214226
0.0207710508257
0.00132574955933
0.000374373892555
0.152470573783
0.00016553151363
0.0322119258344
0.751117229462
0.223583191633
0.00460332538933
0.0031198230572
0.728069841862
0.00714640505612
0.019438162446
0.0478709861636
0.00674404716119
0.000568411196582
0.152810007334
0.194527029991
0.0839377641678
0.019491283223
0.366839855909
0.26911687851
0.000651763402857
0.000678018201143
0.000864177069161
0.0229217335582
0.00027049696655
0.00079117558198
0.00510336365551
0.230479717255
0.147832110524
0.000112200934382
0.118546590209
0.0260789301246
0.0155965052545
0.0223596934229
0.320841014385
0.145801022649
0.00874569825828
0.269905298948
0.776576578617
0.000549494870938
0.0207317247987
0.095054782927
0.0319187678397
0.0116542195901
0.792794942856
0.00599132711068
0.275938987732
0.000765367760323
0.0466158166528
0.348381578922
0.604808092117
0.01310383901
0.625754773617
0.015691133216
0.147669106722
0.213759183884
0.0213533230126
0.00217485334724
0.59273147583
0.0131423994899
0.316317737103
0.831888914108
0.0341114550829
0.0894463509321
0.0271340087056
0.166255190969
0.315807551146
0.00319838989526
0.178068369627
0.715849280357
0.467989236116
0.150003358722
0.127059832215
0.380712270737
0.136154636741
0.295878052711
0.0417751967907
0.205917388201
0.00699064834043
0.00892674736679
0.0473427064717
0.0045897574164
0.00558737060055
0.000672229507472
0.511085152626
0.00110289524309
0.0116582792252
0.183216735721
0.0351510383189
0.0019635586068
0.0518678352237
0.00296047027223
0.173429220915
0.00797558389604
0.279943943024
0.0463885851204
0.168099120259
0.0102113671601
0.0203348714858
0.843561649323
0.908583402634
0.131009683013
0.0339151993394
0.0132563924417
0.95314604044
0.322267323732
0.0178355854005
0.0625274851918
0.550374090672
0.0173918325454
0.0496609508991
0.00388252874836
0.025513343513
0.641111195087
0.00227789743803
0.107179917395
0.0427717082202
0.00202802987769
0.00347075471655
0.000238950073253
0.242186635733
0.143068507314
0.512720763683
0.296792507172
0.0902366787195
0.0209536105394
0.236804500222
0.041174646467
0.357500135899
0.194385007024
0.366851806641
0.0802423357964
0.161655336618
0.112698704004
0.0566684305668
0.584700524807
0.0134599721059
0.176017537713
0.777940392494
0.355144381523
0.0254844184965
0.0150035601109
0.00933236815035
0.0483781807125
0.00387883279473
0.00116118858568
0.845892131329
0.8440579772
0.000178151836735
0.000885992660187
0.0263016764075
0.0247885026038
0.0106419827789
0.0362956859171
0.0996338874102
0.0562883988023
0.0630054399371
0.0590008534491
0.0126979537308
0.245148986578
0.0536729954183
0.0430476628244
0.0221299380064
0.00461357552558
0.0376427359879
0.000889876508154
0.391945630312
0.00911663938314
0.582803368568
0.0282932501286
0.00517192203552
0.000392786227167
0.0859670490026
0.00428061420098
0.188434928656
0.449009239674
2.55907752944e-06
0.0815418213606
0.0226971115917
0.0171951688826
0.00342713249847
0.499553710222
0.000229818324442
0.00236592255533
0.00535043282434
0.00201991642825
0.00841995328665
0.00869526527822
0.640634298325
0.0268311109394
0.220381990075
0.265449166298
0.653340339661
0.0178463552147
0.708654165268
0.295026540756
0.00598201993853
0.00954254716635
0.0362954773009
5.5259505416e-07
0.00501157529652
0.979865729809
0.000491914572194
0.0528884492815
0.29300647974
0.012387925759
0.657716870308
0.000464562122943
0.189017683268
0.0673699378967
0.0630357190967
0.00541163561866
0.0127625148743
0.379753857851
0.560326397419
0.204203918576
0.143984153867
0.0217398945242
0.065719820559
0.010999343358
0.0034943476785
0.000241551562794
0.0256493799388
0.469425797462
0.0495266392827
0.0401868447661
0.103186264634
0.1162821576
0.115037724376
0.000735221023206
0.037551894784
0.00222982349806
0.0122981742024
0.00483309431002
0.0365716777742
0.00999868195504
0.0248286910355
0.251906812191
0.00119137472939
0.710467219353
0.0132936686277
0.0328775271773
0.0476793423295
0.862201869488
0.00634662155062
0.167847678065
0.100269980729
0.0216996259987
0.154348298907
0.0420183837414
0.0566242597997
0.00516346516088
0.00230293208733
0.651305139065
0.0158559828997
0.358245164156
0.0262234155089
0.0057417768985
0.000572356162593
0.180998414755
0.00574284978211
0.216750755906
0.0506117418408
0.0180209390819
0.0114794783294
0.000551995704882
0.00410365546122
0.277616977692
0.0017529631732
0.004305485636
0.218170896173
0.0712358504534
0.432878494263
0.138669967651
0.503341019154
0.563849270344
0.00227576447651
0.173397764564
0.000387543725083
0.0949630215764
0.16968113184
0.291546165943
0.0337277725339
0.044461555779
0.143145695329
0.0020415391773
0.0113272983581
0.000647707434837
0.135592699051
0.00108034664299
0.0262400731444
0.0096896244213
0.0364517383277
0.0136875854805
0.00433643022552
0.118779323995
0.0948186218739
0.0350232385099
0.124197766185
0.550974905491
0.974406480789
0.66694933176
0.0146053787321
0.214810356498
0.162542283535
0.0188927650452
0.00420969119295
0.0015627205139
0.000451174710179
0.0885187983513
0.00162446522154
0.618737339973
0.0330050326884
0.20697632432
0.000467648234917
0.2202770859
0.911377072334
0.00211691786535
0.241643175483
0.00175225001294
0.00192534783855
0.0321292616427
0.014627947472
0.0194257721305
0.0976296961308
0.00964789371938
0.135475873947
0.20120318234
0.0155796837062
0.583374559879
0.399159222841
0.109828457236
0.0670211538672
0.00221114233136
0.0012336622458
0.196705788374
0.443231076002
0.926440477371
0.542830407619
0.281482577324
0.0705504342914
0.286150246859
0.696188867092
0.216515183449
0.00169159052894
0.731019735336
0.544098615646
0.962835729122
0.348426580429
0.242441892624
0.562759041786
0.0803313106298
0.00310000334866
0.166282951832
0.177156895399
0.0496031716466
0.146753713489
0.0908462554216
0.460570782423
0.0486128516495
0.671980202198
0.00617994694039
0.105905652046
0.914572298527
0.292571604252
0.685335576534
0.0408281683922
0.00123973574955
0.00409120833501
0.319328069687
0.0605508573353
0.763104140759
0.0623622462153
0.00352394743823
0.0311066750437
0.0173683874309
0.125383764505
0.0516586154699
0.215673089027
0.204085066915
0.154296204448
0.860500335693
0.0321317948401
0.151824906468
0.955030202866
0.950708091259
0.921578943729
0.97284668684
0.499110251665
0.977931797504
0.779669880867
0.0281926766038
0.915619850159
0.490452766418
0.998726427555
0.0154959205538
0.999767124653
0.54388833046
0.895768404007
0.627406001091
0.976483345032
0.428855001926
0.888627111912
0.657224535942
0.444812327623
0.752282440662
0.172764018178
0.480875581503
0.0265776962042
0.851435124874
0.124163791537
0.4190505445
0.915740787983
0.996006429195
0.995116829872
0.00689204921946
0.102037645876
0.495224386454
0.263395518064
0.576744735241
0.794172346592
0.999021053314
0.82001209259
0.724632382393
0.942185997963
0.965273082256
0.552131593227
0.543120026588
0.157843291759
0.416441768408
0.624854803085
0.653386950493
0.71901935339
0.856140196323
0.921297311783
0.997476518154
0.897107839584
0.0161084812135
0.359193146229
0.486978173256
0.0626478493214
0.404015243053
0.194065868855
0.0574426017702
0.450856298208
0.941484510899
0.495970666409
0.019353935495
0.507712900639
0.884999930859
0.0329364128411
0.969411969185
0.997235119343
0.32369992137
0.993379354477
0.839803040028
0.513849377632
0.987802565098
0.789942264557
0.233467176557
0.980435967445
0.035146933049
0.989874362946
0.0524419099092
0.90838944912
0.683868348598
0.960260689259
0.220219582319
0.00746643682942
0.911251306534
0.200156658888
0.0637735053897
0.0563460253179
0.999725162983
0.952295601368
0.965209305286
0.836595058441
0.429778665304
0.6792345047
0.358016312122
0.455990493298
0.656002700329
0.992075562477
0.923766255379
0.998463630676
0.995399296284
0.478622168303
0.240759447217
0.178091436625
0.973328888416
0.655812740326
0.999022841454
0.0941803455353
0.379655689001
0.968028962612
0.955564379692
0.176235288382
0.969772279263
0.686215698719
0.907939195633
0.896740972996
0.983346581459
0.991291046143
0.525337278843
0.322584211826
0.17381593585
0.0796065703034
0.784740447998
0.992415428162
0.00544924102724
0.774969935417
0.259862780571
0.110565602779
0.140925705433
0.269071549177
0.389404863119
0.601692736149
0.0689300373197
0.16340637207
0.953515708447
0.859067082405
0.599297404289
0.860857605934
0.0353864617646
0.0548176988959
0.000539349566679
0.498744785786
0.739906489849
0.00983528792858
0.97890740633
0.934823811054
0.104814395308
0.613933026791
0.0251807011664
0.391680270433
0.185746580362
0.315596371889
0.654360473156
0.436355680227
0.956308186054
0.152720063925
0.982885718346
0.987064599991
0.0179933961481
0.228735491633
0.054831687361
0.0521288625896
0.560719430447
0.887078106403
0.844180166721
0.427976489067
0.117255099118
0.992265880108
0.995961606503
0.460760474205
0.00943241268396
0.742276370525
0.625775039196
0.841788649559
0.310710459948
0.950471401215
0.521397411823
0.781716525555
0.758103370667
0.996799588203
0.876847982407
0.319820284843
0.0397544205189
0.374968975782
0.0120547451079
0.0831091478467
0.184251978993
0.967857956886
0.831327974796
0.107555113733
0.0146047687158
0.0218372065574
0.0113376900554
0.000463582662633
0.310380518436
0.012856210582
0.420850098133
0.984879076481
0.999954342842
0.0168715957552
0.747341513634
0.014893184416
0.759486436844
0.880858361721
0.234444364905
0.11266181618
0.117004089057
0.270301401615
0.0111791174859
0.154697686434
0.947788834572
0.359435260296
0.514571368694
0.692823767662
0.246809333563
0.991515398026
0.991452336311
0.155225083232
0.115670576692
0.33015781641
0.991409242153
0.935107588768
0.430930823088
0.726065278053
0.186505019665
0.112148411572
0.963335812092
0.820505440235
0.417126357555
0.0350268222392
0.106586888433
0.40539470315
0.363742589951
0.286841779947
0.136956423521
0.244286254048
0.3551017344
0.307487249374
0.152849242091
0.244379505515
0.144837096334
0.417395710945
0.954303562641
0.75867420435
0.714825451374
0.99779945612
0.994963049889
0.943181812763
0.00624316139147
0.951288580894
0.024679819122
0.973363339901
0.824427962303
0.573226094246
0.271330952644
0.0467337295413
0.0631852596998
0.302317291498
0.101101815701
0.159890443087
0.669297635555
0.508052587509
0.366043239832
0.420942515135
0.997049927711
0.620462596416
0.0349960438907
0.842070937157
0.282501518726
0.755923449993
0.289538264275
0.759055316448
0.00693871686235
0.0549312345684
0.17538677156
0.142614245415
0.575612783432
0.872159302235
0.01281419117
0.993123114109
0.981118917465
0.973635852337
0.540699362755
0.114689856768
0.114805698395
0.602895379066
0.101176701486
0.164192438126
0.110172390938
0.951871752739
0.999459683895
0.992749214172
0.52331340313
0.307238847017
0.898226261139
0.800250828266
0.988271534443
0.780979275703
0.676321446896
0.520164966583
0.901633739471
0.115194521844
0.874808430672
0.969609200954
0.982739686966
0.998981535435
0.481853187084
0.130892395973
0.834912240505
0.951509416103
0.996150612831
0.201265737414
0.910802066326
0.981898903847
0.925073266029
0.690669715405
0.300418794155
0.725643754005
0.56638944149
0.00504207145423
0.839887142181
0.988656818867
0.998242735863
0.998471319675
0.0473422408104
0.237858980894
0.889927685261
0.144612416625
0.0473792366683
0.0184488110244
0.933275818825
0.000623880128842
0.0276185777038
0.157468348742
0.0677039325237
0.0167507249862
0.252259016037
0.186157688498
0.255852669477
0.718421697617
0.701293230057
0.291588664055
0.00641663186252
0.945838212967
0.000557622232009
0.809401214123
0.084096133709
0.0111896423623
0.0414110124111
0.0127989146858
0.845794141293
0.403203368187
0.0169998295605
0.99168163538
0.981125235558
0.824683010578
0.862466871738
