0.581699669361
0.858709812164
0.71245932579
0.568130433559
0.811313450336
0.757006704807
0.741449058056
0.717648625374
0.866244137287
0.804142296314
0.75919252634
0.752881705761
0.47201409936
0.595232903957
0.522933423519
0.858057498932
0.903520047665
0.336046665907
0.330212116241
0.680262684822
0.428932636976
0.816290080547
0.840548098087
0.441089391708
0.879094302654
0.499349176884
0.877687394619
0.706513822079
0.68567276001
0.830318570137
0.93607455492
0.584643065929
0.751622617245
0.496144622564
0.252784192562
0.134111523628
0.973516881466
0.905588448048
0.41648966074
0.785256445408
0.868407964706
0.612530112267
0.662235200405
0.407248228788
0.172297477722
0.943858981133
0.803500652313
0.811009883881
0.854850590229
0.845699965954
0.66424036026
0.954778313637
0.334294527769
0.330345362425
0.482488632202
0.845439314842
0.824943840504
0.859059631824
0.508659124374
0.911179661751
0.598748624325
0.905002355576
0.779253065586
0.96213811636
0.655683338642
0.793821573257
0.781343758106
0.888665914536
0.296384453773
0.821544110775
0.673154711723
0.648300588131
0.854948461056
0.80933880806
0.550993144512
0.189945623279
0.961726129055
0.924522101879
0.908062815666
0.815576910973
0.551665484905
0.928611755371
0.619282066822
0.261685222387
0.937765717506
0.33493065834
0.879481434822
0.925327062607
0.693331956863
0.890914261341
0.513788580894
0.455169379711
0.461039483547
0.790883719921
0.83232396841
0.833691477776
0.284274280071
0.658977389336
0.944831371307
0.180056065321
0.967080354691
0.933264017105
0.708883881569
0.46899202466
0.320339232683
0.542021632195
0.974044442177
0.662707746029
0.634551465511
0.716126084328
0.934555351734
0.892074644566
0.846042335033
0.622697591782
0.791721701622
0.421942234039
0.958613038063
0.936995029449
0.731335818768
0.904701650143
0.808662116528
0.71872150898
0.86581492424
0.953764975071
0.899859786034
0.94475543499
0.928585588932
0.968724548817
0.978112757206
0.882812857628
0.982969760895
0.653476595879
0.18566146493
0.191921949387
0.919096469879
0.978241741657
0.997811734676
0.911692321301
0.67477440834
0.721430659294
0.735975921154
0.0979925245047
0.375707298517
0.945412576199
0.533421874046
0.976705014706
0.621207118034
0.825089812279
0.933106124401
0.638073980808
0.825002253056
0.7739610672
0.975661635399
0.966053664684
0.840999364853
0.802996337414
0.900075674057
0.90609395504
0.875118017197
0.999693751335
0.913492381573
0.88086771965
0.634103000164
0.473688900471
0.777496278286
0.423934370279
0.978682875633
0.675070226192
0.966462910175
0.499014049768
0.998936712742
0.989063084126
0.988118469715
0.996226429939
0.983697831631
0.564640462399
0.469660699368
0.727785527706
0.72209662199
0.842584431171
0.760336577892
0.97552806139
0.941305100918
0.206660613418
0.484239012003
0.955256283283
0.964891314507
0.946729362011
0.624399185181
0.634848713875
0.220528647304
0.426746100187
0.829908430576
0.903823852539
0.720010697842
0.40904673934
0.789554834366
0.285223901272
0.94239282608
0.979732275009
0.486102342606
0.326761394739
0.402041763067
0.610513925552
0.718356609344
0.378768235445
0.250497490168
0.417724072933
0.262055486441
0.328546017408
0.62552601099
0.685609161854
0.832084715366
0.474164426327
0.637740671635
0.152956351638
0.414550155401
0.841183841228
0.868221640587
0.340975165367
0.420782715082
0.673494160175
0.463915705681
0.966561555862
0.772044360638
0.980571091175
0.975492596626
0.687098801136
0.962620735168
0.924929976463
0.679735422134
0.179504275322
0.61580312252
0.494992673397
0.126247942448
0.954254746437
0.114172652364
0.892478585243
0.421534150839
0.402622759342
0.594979286194
0.236593931913
0.295968383551
0.610536932945
0.70286244154
0.802709341049
0.991995573044
0.958408236504
0.842578828335
0.59297400713
0.459328889847
0.534273982048
0.520241737366
0.255600094795
0.222864985466
0.196881502867
0.348002672195
0.144605264068
0.523592174053
0.369688183069
0.596382915974
0.661900043488
0.817748725414
0.968956708908
0.481743752956
0.404554188251
0.56067687273
0.427492052317
0.858121156693
0.63104724884
0.377095401287
0.858261287212
0.776017963886
0.758541822433
0.850307106972
0.218024805188
0.699315011501
0.782693147659
0.986093878746
0.904161810875
0.936768591404
0.872594892979
0.914820373058
0.964192986488
0.743977963924
0.841026604176
0.759955406189
0.629700481892
0.73291862011
0.946047484875
0.799243032932
0.677369236946
0.736072301865
0.302612096071
0.13499122858
0.648384213448
0.935848355293
0.511752307415
0.743395984173
0.830523610115
0.597262263298
0.301008969545
0.310139685869
0.313026458025
0.830385744572
0.682899773121
0.520070016384
0.465913057327
0.593003988266
0.78889220953
0.730942308903
0.297647595406
0.733232140541
0.189537853003
0.648980498314
0.807676315308
0.506436467171
0.774612307549
0.971610367298
0.779995143414
0.914200305939
0.704473912716
0.306892812252
0.489199370146
0.165891140699
0.878464877605
0.689921498299
0.572560012341
0.719367563725
0.983852982521
0.805105865002
0.860529184341
0.810668826103
0.803604364395
0.819748222828
0.556921184063
0.987727761269
0.833168566227
0.357947021723
0.390643626451
0.646583259106
0.782107770443
0.83349776268
0.918494462967
0.550939500332
0.741159141064
0.61362272501
0.738875567913
0.305523693562
0.402970820665
0.880592823029
0.783926665783
0.896509110928
0.687932193279
0.722529709339
0.559760868549
0.385093212128
0.980297327042
0.463174462318
0.820334553719
0.89723700285
0.262395650148
0.899437487125
0.828957021236
0.943519055843
0.961151480675
0.592384457588
0.545588672161
0.388306260109
0.323502600193
0.670009374619
0.772047281265
0.825611948967
0.398884356022
0.630554020405
0.492891907692
0.832463383675
0.827465116978
0.505641937256
0.579147398472
0.287568598986
0.269649833441
0.354844033718
0.404017657042
0.973050355911
0.53181707859
0.969103097916
0.911161780357
0.628950476646
0.900313317776
0.895114064217
0.388514906168
0.830257534981
0.807786643505
0.97722697258
0.942492365837
0.926515638828
0.660427689552
0.464788347483
0.935868561268
0.622708916664
0.235258027911
0.953973650932
0.449614554644
0.466635942459
0.91885560751
0.640393912792
0.832049489021
0.934023201466
0.783618688583
0.746178030968
0.62223726511
0.978511869907
0.521242916584
0.88613474369
0.819352805614
0.262030869722
0.777838468552
0.833908140659
0.880762577057
0.943973898888
0.766839385033
0.983294129372
0.925143182278
0.388061642647
0.306739836931
0.93088799715
0.916460812092
0.975931346416
0.840237796307
0.500635445118
0.452274054289
0.398927301168
0.612007498741
0.676280617714
0.233927965164
0.817167758942
0.522730648518
0.981566667557
0.960286080837
0.114021115005
0.648939371109
0.843941807747
0.318006962538
0.535915136337
0.656320095062
0.336245924234
0.587542414665
0.488277584314
0.455040454865
0.620605170727
0.357509404421
0.380281895399
0.920549035072
0.954198360443
0.892134785652
0.819844663143
0.161859497428
0.250918477774
0.5483507514
0.276642382145
0.440441161394
0.807146549225
0.422559380531
0.749886333942
0.960911750793
0.7506955266
0.620714068413
0.496231555939
0.594052314758
0.618011891842
0.735252976418
0.700116932392
0.859000563622
0.806812882423
0.597401499748
0.522960782051
0.815930247307
0.256829798222
0.552358090878
0.465525001287
0.982945799828
0.531049013138
0.412166297436
0.544558882713
0.486769914627
0.654128491879
0.364540636539
0.551589787006
0.799196660519
0.504508674145
0.957735478878
0.31644192338
0.395438432693
0.174406945705
0.87938863039
0.660735607147
0.535665810108
0.687477827072
0.858315825462
0.842775344849
0.963134646416
0.710176646709
0.750478208065
0.765332520008
0.535988926888
0.69330239296
0.415231585503
0.595228075981
0.771049618721
0.936235368252
0.849942624569
0.958913207054
0.112032733858
0.742920160294
0.64286750555
0.588651359081
0.64149492979
0.415222167969
0.183304727077
0.895307123661
0.208523362875
0.95991897583
0.903481781483
0.283173173666
0.208420410752
0.754982471466
0.61592233181
0.80380409956
0.648363411427
0.152310058475
0.268598914146
0.891789674759
0.966418802738
0.932319164276
0.953514099121
0.832652568817
0.714595854282
0.41957578063
0.744666457176
0.808327198029
0.839791178703
0.79810243845
0.613180041313
0.909861505032
0.767316639423
0.72195738554
0.503278791904
0.657681941986
0.814960122108
0.68946325779
0.721167325974
0.273734241724
0.456776291132
0.862908065319
0.266413122416
0.166131660342
0.683631300926
0.92484909296
0.590285599232
0.255582660437
0.0633624270558
0.622545480728
0.461504071951
0.197856456041
0.140771001577
0.902166545391
0.267883419991
0.416885495186
0.466886520386
0.384327381849
0.898692309856
0.349846929312
0.929368376732
0.724180281162
0.934985935688
0.980509996414
0.827650547028
0.35466876626
0.186562374234
0.557124257088
0.933327972889
0.533923447132
0.769416928291
0.670565903187
0.423247367144
0.889914095402
0.505176901817
0.97061496973
0.427224785089
0.466805756092
0.958739161491
0.541852593422
0.297411203384
0.873294651508
0.0802468508482
0.58919519186
0.180697277188
0.752762436867
0.956193804741
0.296458363533
0.952702760696
0.70606637001
0.458896905184
0.530910313129
0.430882692337
0.667756140232
0.862519204617
0.203899756074
0.635185241699
0.806399583817
0.444905936718
0.481054663658
0.797097444534
0.957636535168
0.93660068512
0.433364242315
0.213713482022
0.495486140251
0.718354165554
0.976134359837
0.257583290339
0.973702788353
0.739713311195
0.868292629719
0.946667075157
0.721827805042
0.692030012608
0.477706372738
0.160139679909
0.228263035417
0.8258035779
0.873487591743
0.891866922379
0.838127195835
0.929149210453
0.737267255783
0.826115310192
0.579714596272
0.583481371403
0.840304791927
0.939664304256
0.862998187542
0.920563161373
0.574803948402
0.928667068481
0.766356945038
0.845074951649
0.871523499489
0.93225389719
0.87837511301
0.367084890604
0.657885491848
0.925981581211
0.829358756542
0.47692373395
0.439753472805
0.436871528625
0.674648404121
0.935117721558
0.742904007435
0.432166218758
0.896723389626
0.503436923027
0.163269430399
0.546372950077
0.710702598095
0.879948616028
0.526079595089
0.731012225151
0.657627463341
0.277157217264
0.371008098125
0.717518508434
0.787283480167
0.559205710888
0.310686379671
0.637154519558
0.573282420635
0.791412472725
0.712195515633
0.943802177906
0.758887469769
0.518321335316
0.0955916717649
0.664207994938
0.901831626892
0.600744724274
0.933541297913
0.766016066074
0.686902105808
0.286336570978
0.846033275127
0.751217126846
0.345973879099
0.752459347248
0.0556348823011
0.305252403021
0.325650840998
0.950691282749
0.933619737625
0.956903338432
0.616909980774
0.365213930607
0.339005947113
0.837293863297
0.821764230728
0.77984726429
0.650530636311
0.507319688797
0.945876002312
0.967872142792
0.979876577854
0.853178858757
0.935773313046
0.89114099741
0.736192584038
0.800189077854
0.48007825017
0.84317201376
0.726969957352
0.975380301476
0.920740187168
0.776273369789
0.608297526836
0.998144984245
0.901723742485
0.896750628948
0.764624774456
0.844665944576
0.425238311291
0.337896466255
0.602548956871
0.866818547249
0.717649281025
0.836746931076
0.854213654995
0.737826108932
0.57631033659
0.810077130795
0.826641619205
0.357415020466
0.876535713673
0.821763455868
0.693325340748
0.567418754101
0.344085544348
0.421289771795
0.912813663483
0.362900972366
0.88697886467
0.779317378998
0.248422652483
0.920430660248
0.900119721889
0.175926178694
0.82586735487
0.574101746082
0.273665517569
0.856431007385
0.494202911854
0.611556529999
0.891975820065
0.549735546112
0.920365035534
0.2577714324
0.475282520056
0.873544692993
0.690711557865
0.724583268166
0.654258728027
0.243008822203
0.799227297306
0.883762836456
0.752784729004
0.972859323025
0.429900527
0.676738262177
0.173935562372
0.297923862934
0.767858445644
0.369475096464
0.256935745478
0.789779484272
0.758091986179
0.558028817177
0.01649110578
0.613751590252
0.927077889442
0.226723060012
0.819763898849
0.907065689564
0.387040168047
0.867147862911
0.180069252849
0.269228816032
0.886823654175
0.823150217533
0.530472934246
0.68283623457
0.299712389708
0.90055167675
0.543969213963
0.360682696104
0.624027371407
0.841300904751
0.933532655239
0.72379142046
0.757421255112
0.383836627007
0.487911105156
0.338942378759
0.120692782104
0.345971047878
0.123082906008
0.870774149895
0.910118222237
0.821108520031
0.350748628378
0.503178060055
0.35357427597
0.765626549721
0.777551174164
0.740968465805
0.670862913132
0.781655192375
0.720006167889
0.468864351511
0.199610382318
0.242674857378
0.359498232603
0.923217594624
0.577965915203
0.485345304012
0.8994551301
0.518385708332
0.399537444115
0.142289847136
0.342058807611
0.959380567074
0.618616700172
0.555136024952
0.707544445992
0.388124555349
0.890807628632
0.761634588242
0.86553555727
0.241193622351
0.953173995018
0.537187874317
0.935453295708
0.731961846352
0.970283925533
0.94064950943
0.89469897747
0.977138161659
0.971314489841
0.418401122093
0.0910864397883
0.909470081329
0.15643376112
0.444077402353
0.904064953327
0.351554572582
0.698971688747
0.375091433525
0.225782498717
0.884570240974
0.421695232391
0.188352763653
0.904493451118
0.772608935833
0.403610527515
0.388275384903
0.267703682184
0.865192472935
0.96632707119
0.772577702999
0.429986029863
0.441994100809
0.444610148668
0.940563976765
0.932561933994
0.258708059788
0.421878635883
0.181532680988
0.863702356815
0.564319550991
0.680910527706
0.693832039833
0.468613952398
0.159809723496
0.38411423564
0.944692730904
0.926338672638
0.65404522419
0.929570615292
0.634163677692
0.704928994179
0.38772508502
0.500101327896
0.168511912227
0.478025585413
0.409146249294
0.677165448666
0.563660681248
0.284636735916
0.860266387463
0.471373707056
0.274375557899
0.0997723937035
0.140137329698
0.12297847867
0.0422597378492
0.351832479239
0.525487244129
0.402674555779
0.117088004947
0.925074100494
0.410669595003
0.953503370285
0.964610040188
0.939058125019
0.848777770996
0.722264349461
0.559438407421
0.323608994484
0.317067086697
0.42339849472
0.43855214119
0.483521133661
0.804419398308
0.677729308605
0.576055943966
0.39157345891
0.755268573761
0.384714871645
0.557103693485
0.93283867836
0.975693047047
0.949280142784
0.952363669872
0.954740822315
0.866400301456
0.351193100214
0.263061374426
0.708464384079
0.891473114491
0.351996392012
0.52482509613
0.326836019754
0.765915334225
0.346842616796
0.412709265947
0.825138926506
0.286538034678
0.835210263729
0.417112767696
0.175407379866
0.563334822655
0.986118018627
0.988528430462
0.981964528561
0.956854581833
0.974597811699
0.586625993252
0.642258048058
0.974414288998
0.514858722687
0.713175773621
0.678735017776
0.45272603631
0.983099043369
0.795704483986
0.61780589819
0.681558668613
0.244918137789
0.4090949893
0.354148685932
0.135361388326
0.982428252697
0.933384239674
0.736811280251
0.981635212898
0.942301869392
0.774584472179
0.696578204632
0.716718494892
0.777866959572
0.553394138813
0.672288417816
0.964534521103
0.88704508543
0.956549286842
0.341739535332
0.073098577559
0.29174426198
0.929498136044
0.327060908079
0.97431910038
0.904589354992
0.937212944031
0.754564642906
0.896836042404
0.978576481342
0.956968963146
0.79021692276
0.931544363499
0.758539497852
0.705737352371
0.684670388699
0.97647434473
0.164387539029
0.497292011976
0.974914371967
0.985303044319
0.749146878719
0.751627802849
0.595929980278
0.94560354948
0.761384367943
0.475795179605
0.754682898521
0.140113264322
0.392200469971
0.932275056839
0.627123892307
0.971497297287
0.180288806558
0.339502066374
0.337786138058
0.905959010124
0.51366776228
0.944665908813
0.727435529232
0.737359821796
0.550346493721
0.628445267677
0.748417556286
0.379181623459
0.207581982017
0.900754928589
0.961083650589
0.934722781181
0.437113255262
0.603172242641
0.673533558846
0.615014135838
0.384263694286
0.895213246346
0.333322435617
0.693144917488
0.67486935854
0.713340401649
0.878319859505
0.450685530901
0.620063960552
0.859359204769
0.666637957096
0.778028607368
0.969503521919
0.73910176754
0.855150103569
0.361534923315
0.976413667202
0.828731060028
0.634085357189
0.521000504494
0.861743867397
0.915532708168
0.678650796413
0.927295506001
0.968859553337
0.889438569546
0.916911303997
0.958748459816
0.719471096992
0.919827282429
0.932822823524
0.432392925024
0.287740051746
0.421115040779
0.966539740562
0.816971838474
0.30718177557
0.582163989544
0.682454168797
0.641197562218
0.311259031296
0.261588424444
0.308398753405
0.798278927803
0.85914504528
0.732778429985
0.688646733761
0.541783332825
0.458064734936
0.826951026917
0.24265602231
0.25138476491
0.300779640675
0.788167655468
0.861204564571
0.751594901085
0.953075587749
0.245674267411
0.520214021206
0.574164450169
0.891975164413
0.614049971104
0.96718454361
0.616482317448
0.382437586784
0.696036815643
0.852004766464
0.664342582226
0.628549337387
0.247506007552
0.644057393074
0.368424832821
0.780547380447
0.906994104385
0.692274093628
0.108797959983
0.852477252483
0.436470478773
0.788993120193
0.372932761908
0.205426394939
0.265143543482
0.49530556798
0.6102886796
0.615004241467
0.811432361603
0.221710592508
0.803964793682
0.672891318798
0.64516800642
0.88276463747
0.0975855067372
0.312537848949
0.411098688841
0.112036064267
0.849302828312
0.735399603844
0.261726468801
0.138970300555
0.343935370445
0.353314578533
0.0950573831797
0.175088852644
0.362391382456
0.12123002857
0.494536310434
0.734830021858
0.611382424831
0.224513798952
0.397816807032
0.235947966576
0.392237454653
0.632121741772
0.460306704044
0.540414392948
0.494390368462
0.298125714064
0.0699560046196
0.294872641563
0.289452254772
0.483123511076
0.878905296326
0.156537309289
0.807693839073
0.641341626644
0.782610952854
0.746447741985
0.589161276817
0.413380175829
0.450845360756
0.956979870796
0.916518390179
0.560907781124
0.805857419968
0.786453306675
0.185364499688
0.989742815495
0.347439587116
0.890370249748
0.975360810757
0.667980790138
0.347055852413
0.766696214676
0.824935257435
0.804109334946
0.609015524387
0.897440314293
0.784313678741
0.607618451118
0.801987946033
0.536094665527
0.647785186768
0.743266165257
0.817173421383
0.594723165035
0.877272248268
0.206523224711
0.152804479003
0.135413408279
0.337943553925
0.480224132538
0.561843156815
0.41278257966
0.569811820984
0.78613370657
0.759391784668
0.529823422432
0.709340333939
0.128717169166
0.5125451684
0.52977335453
0.490909576416
0.417936861515
0.219139561057
0.201089814305
0.523617208004
0.462880432606
0.411147266626
0.688337087631
0.317058593035
0.186109155416
0.655781567097
0.819604933262
0.672229707241
0.673579454422
0.379242241383
0.577756285667
0.649244487286
0.738966166973
0.219557389617
0.345062345266
0.347251594067
0.354015052319
0.201515391469
0.0973577871919
0.0689293295145
0.773151159286
0.164779379964
0.291868984699
0.196756213903
0.650496900082
0.183628052473
0.263947874308
0.754753649235
0.490407586098
0.360569566488
0.488366097212
0.341307938099
0.247764840722
0.314132153988
0.532570958138
0.533820509911
0.352167516947
0.514765441418
0.442806124687
0.56943577528
0.860116362572
0.874737083912
0.19413934648
0.622879564762
0.759562909603
0.904599785805
0.422227919102
0.148632079363
0.513730347157
0.254700362682
0.276876151562
0.239746659994
0.205213353038
0.670741915703
0.741581201553
0.50040346384
0.518261015415
0.681397616863
0.464361876249
0.944594562054
0.457939058542
0.77987074852
0.417951196432
0.611237943172
0.353129088879
0.417038589716
0.317460596561
0.165969118476
0.466232955456
0.186932042241
0.746119737625
0.175397098064
0.66646784544
0.518395185471
0.348723083735
0.352175056934
0.513728916645
0.820366084576
0.482007175684
0.0557515062392
0.860638737679
0.831003069878
0.134496480227
0.580566883087
0.494943708181
0.555177867413
0.450637161732
0.485621094704
0.122812315822
0.11836656183
0.59558069706
0.183353319764
0.667383134365
0.572820365429
0.834599733353
0.292432844639
0.754935026169
0.0783640965819
0.434142529964
0.526328980923
0.0751371756196
0.409105151892
0.642094314098
0.276748776436
0.393590301275
0.402444899082
0.212397098541
0.310985505581
0.517236173153
0.257425874472
0.435349732637
0.125603064895
0.197886273265
0.39875498414
0.106519289315
0.827203273773
0.839357793331
0.78303539753
0.328886628151
0.211531490088
0.15791259706
0.18379881978
0.529745578766
0.556577920914
0.305303066969
0.805516660213
0.612384498119
0.0189308207482
0.647907853127
0.857107400894
0.636743605137
0.583565175533
0.578910768032
0.356396555901
0.487581193447
0.262985646725
0.385782301426
0.333770483732
0.693344414234
0.455598652363
0.299301683903
0.746389269829
0.739388525486
0.057908564806
0.618833065033
0.576591491699
0.470922529697
0.342303872108
0.340698391199
0.67695248127
0.449502676725
0.286119043827
0.312508255243
0.833939373493
0.473463267088
0.940592885017
0.479011803865
0.445393174887
0.732839465141
0.806583583355
0.803256630898
0.519731938839
0.485601186752
0.911896705627
0.379040271044
0.762656211853
0.905751645565
0.611525774002
0.363021790981
0.296746551991
0.634487271309
0.768017053604
0.622681319714
0.808256030083
0.0985502004623
0.325870126486
0.866229593754
0.283860087395
0.825033247471
0.488061010838
0.520424008369
0.63345605135
0.926770210266
0.332515865564
0.934499442577
0.68117505312
0.360421359539
0.416223615408
0.193729355931
0.808006763458
0.373828023672
0.573435425758
0.159501492977
0.716904461384
0.77458769083
0.955605506897
0.362264037132
0.578096270561
0.095724709332
0.874211192131
0.698180377483
0.388497322798
0.850020051003
0.0758889764547
0.373159468174
0.758176028728
0.539995133877
0.418341040611
0.989305913448
0.927030920982
0.947046041489
0.87808483839
0.765945971012
0.815222620964
0.216465324163
0.265252351761
0.518692851067
0.268893837929
0.602086782455
0.64912122488
0.12658521533
0.161665469408
0.206155508757
0.481646239758
0.50653886795
0.954343855381
0.975270867348
0.887771129608
0.232894599438
0.972389280796
0.969467222691
0.343621432781
0.792237460613
0.571468532085
0.27757409215
0.582859933376
0.755866527557
0.505340099335
0.592670977116
0.941110789776
0.402347534895
0.94287520647
0.810555458069
0.594981729984
0.572420060635
0.395791321993
0.869467914104
0.514708161354
0.866371810436
0.0945561006665
0.212207883596
0.875092804432
0.354575425386
0.811178147793
0.624121189117
0.632993936539
0.404269337654
0.217178314924
0.130866065621
0.657935202122
0.231375262141
0.150256365538
0.208886519074
0.628653824329
0.404470920563
0.291948288679
0.345549583435
0.45230063796
0.418714642525
0.697944104671
0.192374333739
0.547346413136
0.613345563412
0.723402440548
0.927155792713
0.378569424152
0.699735820293
0.787481367588
0.80686467886
0.633068799973
0.542266190052
0.450740695
0.916685581207
0.0498276464641
0.878082931042
0.31250679493
0.666394233704
0.301750481129
0.304104566574
0.077757127583
0.839689850807
0.385197073221
0.587297320366
0.672725439072
0.924665272236
0.0274593178183
0.529497623444
0.0945258289576
0.472854703665
0.327711045742
0.422905892134
0.46529763937
0.555526018143
0.11395919323
0.666849076748
0.164475932717
0.912595927715
0.225827902555
0.118542529643
0.905842602253
0.848566889763
0.518033385277
0.151146680117
0.183832213283
0.258073598146
0.280214816332
0.268387317657
0.535036385059
0.401361048222
0.900256276131
0.709771752357
0.183989688754
0.655054807663
0.914689183235
0.0611367076635
0.194442048669
0.679098963737
0.780691385269
0.62315171957
0.792787253857
0.337100744247
0.325116932392
0.0904091075063
0.18001011014
0.32295820117
0.700668275356
0.852714419365
0.514436364174
0.309083282948
0.626443147659
0.263662725687
0.252712905407
0.203226596117
0.295067697763
0.399483561516
0.484260439873
0.871104836464
0.270293682814
0.739669620991
0.80083990097
0.520252406597
0.476881235838
0.496117562056
0.468387156725
0.314729303122
0.242597103119
0.15892753005
0.796589076519
0.411236673594
0.402427911758
0.974207758904
0.986939191818
0.973104655743
0.338548451662
0.550534188747
0.317406386137
0.209095522761
0.903051912785
0.113380134106
0.666338682175
0.954944610596
0.359337151051
0.304229080677
0.305087208748
0.30229985714
0.360446214676
0.417459189892
0.608253896236
0.829767644405
0.777655303478
0.739821970463
0.688805937767
0.274171859026
0.56953984499
0.318312585354
0.361991107464
0.385688722134
0.148220077157
0.950069129467
0.562818467617
0.774515330791
0.539284110069
0.339266985655
0.965636193752
0.669476091862
0.444040179253
0.159121647477
0.786706387997
0.512331485748
0.449758142233
0.823422849178
0.707359492779
0.698951363564
0.396808922291
0.845650851727
0.603728055954
0.573807179928
0.690212070942
0.352560460567
0.203747555614
0.0808110237122
0.111692912877
0.539386510849
0.374363780022
0.971798539162
0.626714408398
0.520111978054
0.499038994312
0.602095067501
0.193687841296
0.280806839466
0.429328471422
0.837375044823
0.0390825271606
0.638621807098
0.923607707024
0.559071302414
0.659770488739
0.880355298519
0.393288761377
0.250480204821
0.432851940393
0.819612622261
0.552228689194
0.422747075558
0.613430738449
0.178380489349
0.055900990963
0.57513076067
0.642613172531
0.877245306969
0.950954437256
0.890234231949
0.94849807024
0.795534014702
0.12967389822
0.537472963333
0.277757704258
0.409551620483
0.535540997982
0.407979011536
0.480427831411
0.689880728722
0.11534819752
0.0611184872687
0.20846350491
0.149902135134
0.273070901632
0.821450889111
0.378677636385
0.52853512764
0.771807312965
0.358346492052
0.575678884983
0.51939201355
0.59732311964
0.463562071323
0.573384106159
0.259234040976
0.503108918667
0.481767654419
0.902915418148
0.888705551624
0.873236298561
0.542492091656
0.70046454668
0.387494295835
0.445348143578
0.546921372414
0.17692142725
0.661325991154
0.778803944588
0.571169495583
0.177994728088
0.27975910902
0.859419107437
0.150783807039
0.17416420579
0.46865811944
0.606592416763
0.582994103432
0.893601179123
0.207138597965
0.0675107762218
0.128081828356
0.133788734674
0.109091714025
0.661038398743
0.28011828661
0.759898066521
0.793897151947
0.126464724541
0.436038404703
0.491024762392
0.564226925373
0.643264055252
0.801161110401
0.60272115469
0.879197955132
0.378291815519
0.436899781227
0.828790724277
0.537117302418
0.560762643814
0.424487322569
0.578485369682
0.572494089603
0.238794326782
0.245669722557
0.484028786421
0.635066568851
0.451557159424
0.571178555489
0.849866569042
0.29750585556
0.517062485218
0.334255963564
0.261820584536
0.419393151999
0.287551045418
0.978373527527
0.71356844902
0.24428422749
0.657887101173
0.1796040833
0.756862998009
0.318383514881
0.291158974171
0.476594477892
0.275360643864
0.219928741455
0.260158479214
0.462909638882
0.376009523869
0.101588837802
0.283937335014
0.883503317833
0.254866331816
0.790650546551
0.481014490128
0.806260168552
0.807750046253
0.719394385815
0.443026155233
0.846900582314
0.694745123386
0.70929390192
0.307916581631
0.716839134693
0.139184549451
0.498465329409
0.566775858402
0.455218195915
0.565467953682
0.436694771051
0.989339768887
0.191392853856
0.623163402081
0.179231837392
0.539692342281
0.462254941463
0.263118118048
0.870261788368
0.454530030489
0.840355217457
0.431947916746
0.38616129756
0.598590135574
0.412386715412
0.514317393303
0.692907571793
0.377845287323
0.682066202164
0.942501544952
0.713221669197
0.100932069123
0.392441600561
0.332123577595
0.173831567168
0.683598399162
0.260333389044
0.304845869541
0.697691142559
0.801609039307
0.539620161057
0.238288789988
0.722470462322
0.627104401588
0.511850357056
0.0533536858857
0.344987481833
0.329426825047
0.901296675205
0.531363725662
0.667345106602
0.668433845043
0.859772026539
0.487859427929
0.278917342424
0.271984368563
0.258078724146
0.342306941748
0.18836183846
0.243977531791
0.55790823698
0.0497735254467
0.253691762686
0.782703220844
0.081636749208
0.347835153341
0.512758255005
0.822954833508
0.339332073927
0.792887866497
0.777012705803
0.531070768833
0.460060745478
0.405176758766
0.229977354407
0.257517069578
0.6728079319
0.953380942345
0.520235538483
0.674072682858
0.106184244156
0.477629005909
0.804632365704
0.193947613239
0.524944484234
0.0241749659181
0.239769056439
0.210448995233
0.6185516119
0.935261249542
0.883393764496
0.929546654224
0.466591238976
0.892794311047
0.734707474709
0.784165620804
0.874047219753
0.964571714401
0.655114412308
0.145160675049
0.633637547493
0.707853674889
0.479425191879
0.615473031998
0.17692309618
0.888947546482
0.892010986805
0.305351227522
0.233790397644
0.953248977661
0.971584737301
0.539868175983
0.814964234829
0.738630115986
0.532631874084
0.718086540699
0.542669057846
0.806843698025
0.222311735153
0.608826994896
0.42971393466
0.220399364829
0.33863723278
0.471540957689
0.882047176361
0.824581623077
0.962214291096
0.962536513805
0.948589801788
0.302878916264
0.414867609739
0.470084756613
0.800907731056
0.619197905064
0.586216926575
0.374515593052
0.961871027946
0.873542010784
0.828451812267
0.402900487185
0.67120474577
0.606059968472
0.218404605985
0.251327157021
0.315770506859
0.425996899605
0.729868650436
0.648830771446
0.68257856369
0.64998793602
0.926390528679
0.458594560623
0.701401531696
0.415387392044
0.328609079123
0.990601539612
0.189377933741
0.45433101058
0.393743872643
0.186815857887
0.630637288094
0.780885636806
0.482844829559
0.863719940186
0.610651910305
0.250775039196
0.339557170868
0.316883772612
0.690042793751
0.681304633617
0.285608053207
0.297261178493
0.461128503084
0.391150414944
0.240990072489
0.328840941191
0.66615664959
0.909119486809
0.281744897366
0.767630457878
0.726551413536
0.794216394424
0.828272998333
0.887274205685
0.866379976273
0.890276968479
0.586022555828
0.578649163246
0.736792862415
0.969353437424
0.856135010719
0.152103543282
0.699714243412
0.846429765224
0.800817966461
0.789076566696
0.500544786453
0.289026349783
0.57426148653
0.606976866722
0.952294051647
0.905967056751
0.896113097668
0.838225245476
0.782057106495
0.432245671749
0.922908902168
0.2424223423
0.999430716038
0.849496304989
0.778313040733
0.277414113283
0.268804132938
0.841624796391
0.758411824703
0.541058063507
0.869773626328
0.58436781168
0.609195888042
0.870315372944
0.941860198975
0.75284999609
0.301600813866
0.417313396931
0.316628187895
0.536851346493
0.287206113338
0.656017303467
0.543470442295
0.162211954594
0.107913769782
0.506902873516
0.928765296936
0.700344324112
0.769794106483
0.317395448685
0.596615791321
0.682873368263
0.429289638996
0.619711101055
0.330762475729
0.355907350779
0.126205652952
0.448678672314
0.616149842739
0.351294904947
0.422703057528
0.53323584795
0.330228716135
0.705052435398
0.866779983044
0.864837050438
0.267878443003
0.939442515373
0.787502586842
0.935113608837
0.758725583553
0.663760066032
0.384944468737
0.451921224594
0.803161621094
0.544499635696
0.984954833984
0.64509999752
0.515826761723
0.392204642296
0.57332277298
0.23760779202
0.523847579956
0.791725814342
0.854636073112
0.690726280212
0.325148403645
0.84981405735
0.741861999035
0.822130739689
0.608002662659
0.569441914558
0.277978926897
0.975235700607
0.897020757198
0.854025304317
0.43578144908
0.593862831593
0.90792286396
0.951153159142
0.568829476833
0.726858317852
0.303035914898
0.320985972881
0.787199139595
0.739181578159
0.627910494804
0.656686723232
0.7130651474
0.990371286869
0.897832691669
0.426746189594
0.21573600173
0.177414238453
0.507330775261
0.878792881966
0.369070440531
0.630591273308
0.747307002544
0.540848791599
0.736171364784
0.624455451965
0.867194533348
0.90569460392
0.612725317478
0.875806808472
0.0275448989123
0.501017034054
0.561020314693
0.944764554501
0.580316007137
0.543850660324
0.540934443474
0.172102615237
0.189404800534
0.269528955221
0.86169564724
0.56822270155
0.58841663599
0.323125302792
0.970337688923
0.967300415039
0.963144898415
0.205179274082
0.622800052166
0.691344201565
0.447259277105
0.435460299253
0.463550597429
0.572271287441
0.0971098765731
0.505328834057
0.105357639492
0.766347050667
0.227622196078
0.127654835582
0.773403584957
0.748015522957
0.572969436646
0.490396052599
0.894055128098
0.719289362431
0.470030069351
0.300335437059
0.487259179354
0.495123505592
0.610040128231
0.160351619124
0.471951723099
0.61502379179
0.553624689579
0.497363716364
0.224151924253
0.272958874702
0.145268470049
0.758035302162
0.693553566933
0.969268858433
0.9993699193
0.123801536858
0.232291936874
0.776352703571
0.594083547592
0.855463445187
0.0819405838847
0.496454924345
0.11348836869
0.460199862719
0.799626767635
0.324322253466
0.369135320187
0.492746084929
0.149584487081
0.921157479286
0.518508851528
0.385068655014
0.64759516716
0.2936386168
0.343569517136
0.687780976295
0.237319916487
0.252567201853
0.0709373354912
0.584618508816
0.0594479218125
0.36712834239
0.259833097458
0.977779865265
0.957639932632
0.983667254448
0.639981746674
0.329064071178
0.945990979671
0.951472520828
0.894656956196
0.304357260466
0.672618448734
0.593478381634
0.170131206512
0.766229093075
0.414754867554
0.162121534348
0.614519059658
0.616894483566
0.586802899837
0.474041700363
0.0793019905686
0.913707137108
0.24219365418
0.218319073319
0.39807471633
0.959008872509
0.818684697151
0.694065213203
0.322590857744
0.371796548367
0.332616388798
0.421581476927
0.624263226986
0.0644013732672
0.660393118858
0.553136944771
0.741261541843
0.574217438698
0.41733944416
0.872531354427
0.611327767372
0.38619068265
0.328826606274
0.272767931223
0.828900873661
0.806367814541
0.358227521181
0.759519398212
0.819786190987
0.19801056385
0.561947464943
0.417559236288
0.298194020987
0.572928667068
0.323608785868
0.381211787462
0.67567461729
0.49430513382
0.404520958662
0.509623944759
0.843225002289
0.517759084702
0.360978245735
0.342963039875
0.680950760841
0.65413081646
0.405309021473
0.379222840071
0.661086320877
0.570160806179
0.678782224655
0.569963335991
0.906121253967
0.23368024826
0.708774209023
0.176007479429
0.576280832291
0.457319498062
0.49229440093
0.0818231031299
0.344501376152
0.509538471699
0.231174170971
0.0767831280828
0.557494938374
0.816669583321
0.71517598629
0.319541871548
0.139571338892
0.268007099628
0.282308191061
0.61739563942
0.740649223328
0.215923696756
0.333094000816
0.468937277794
0.444574087858
0.562278628349
0.552836418152
0.334019005299
0.391170412302
0.432370394468
0.624748170376
0.777839064598
0.447955071926
0.459142446518
0.506151497364
0.597730219364
0.836029350758
0.978119373322
0.774085342884
0.75083220005
0.974658370018
0.955496132374
0.868063569069
0.979766488075
0.959642589092
0.978294789791
0.0941138938069
0.312351673841
0.609885573387
0.604468464851
0.171706140041
0.59679299593
0.565127670765
0.247122421861
0.161691904068
0.167236760259
0.610183954239
0.911744594574
0.0641030371189
0.626965045929
0.329376071692
0.733081519604
0.331002354622
0.601198136806
0.631554663181
0.260413587093
0.973906815052
0.850101292133
0.520132958889
0.215593889356
0.158067017794
0.658962666988
0.727550923824
0.739116370678
0.60101801157
0.705367445946
0.73976457119
0.0472038090229
0.5322021842
0.474885851145
0.515689194202
0.932391703129
0.495238780975
0.680059015751
0.47494405508
0.418615013361
0.0607490651309
0.27502527833
0.693735361099
0.373709380627
0.149583026767
0.188173949718
0.476371943951
0.885782182217
0.627665877342
0.770090341568
0.21441206336
0.470880061388
0.644699275494
0.540995419025
0.197349384427
0.451744884253
0.399867266417
0.243426054716
0.218550041318
0.289087444544
0.351288318634
0.35576826334
0.405038505793
0.594303965569
0.422877699137
0.497899979353
0.570320248604
0.359151244164
0.476384133101
0.37725970149
0.235450088978
0.475763678551
0.443425387144
0.673940658569
0.364002555609
0.502149701118
0.584061980247
0.412478089333
0.208325579762
0.286328792572
0.297243565321
0.931017696857
0.645645260811
0.0810648873448
0.387414902449
0.559411466122
0.730058729649
0.507329285145
0.458335667849
0.49274712801
0.426174521446
0.609185516834
0.757954120636
0.986649334431
0.156790286303
0.8938626647
0.539218008518
0.314349293709
0.42881333828
0.434311121702
0.513969063759
0.614970266819
0.826364338398
0.554406523705
0.763728797436
0.750278651714
0.466341763735
0.200114160776
0.603458046913
0.809603512287
0.692701995373
0.395338654518
0.554149091244
0.589640676975
0.339590668678
0.125478982925
0.23005233705
0.884061813354
0.654672265053
0.601617395878
0.760317862034
0.680891156197
0.117405988276
0.369251489639
0.106006838381
0.320364177227
0.758318722248
0.529844999313
0.732987344265
0.159997075796
0.166423767805
0.751162171364
0.548532009125
0.0828621685505
0.726809442043
0.401565015316
0.355748772621
0.331609338522
0.701177716255
0.113012902439
0.414450109005
0.47073045373
0.492219984531
0.305274963379
0.176606193185
0.376450866461
0.38444006443
0.299016267061
0.45133087039
0.738470315933
0.725607156754
0.144040733576
0.464798659086
0.474206566811
0.444371134043
0.910823881626
0.770960152149
0.334666550159
0.120777413249
0.774782299995
0.572122812271
0.318164587021
0.294239938259
0.190008416772
0.549633979797
0.613815367222
0.105550430715
0.341587454081
0.751556932926
0.195499002934
0.20602799952
0.164338231087
0.726335346699
0.838771641254
0.455051362514
0.286208242178
0.302426576614
0.876008033752
0.901107430458
0.455156445503
0.919451534748
0.968422353268
0.738014280796
0.949953734875
0.6592669487
0.875792264938
0.840050637722
0.824763298035
0.698613703251
0.888144493103
0.816635906696
0.273628205061
0.436671674252
0.732209801674
0.747721374035
0.384539246559
0.955774366856
0.822475671768
0.362583845854
0.457697272301
0.795289754868
0.542278468609
0.258587598801
0.490610420704
0.751924335957
0.713522911072
0.832265615463
0.316980868578
0.951991021633
0.788734436035
0.355049073696
0.89640545845
0.709427952766
0.498969525099
0.639789104462
0.285419076681
0.689691841602
0.345282614231
0.750023961067
0.868256747723
0.875450074673
0.74623054266
0.101151965559
0.6621337533
0.2370121032
0.426780223846
0.400954425335
0.161249086261
0.683310747147
0.625432014465
0.667169213295
0.41284942627
0.335338741541
0.57518017292
0.354892700911
0.0987517312169
0.131373137236
0.591410398483
0.479737102985
0.441752046347
0.381041735411
0.903726279736
0.274889588356
0.586819887161
0.338769227266
0.732241868973
0.194095462561
0.512912690639
0.565822660923
0.372418820858
0.407461345196
0.866331219673
0.687005579472
0.786208450794
0.579807400703
0.261740207672
0.365659624338
0.527025640011
0.500603318214
0.990657448769
0.935466527939
0.250948369503
0.285910248756
0.35823610425
0.332634180784
0.237881168723
0.609309792519
0.325855076313
0.182004675269
0.802398920059
0.741139233112
0.926579654217
0.891163349152
0.816771805286
0.813317716122
0.56731647253
0.132531777024
0.416053295135
0.3847194314
0.576422274113
0.558492779732
0.555676221848
0.907117187977
0.977222859859
0.941796541214
0.54166251421
0.55375534296
0.700677514076
0.962413966656
0.975096285343
0.440670639277
0.109815336764
0.604945898056
0.677864670753
0.636152327061
0.984583377838
0.22137093544
0.500776946545
0.311033993959
0.274468660355
0.677749276161
0.760032892227
0.771013200283
0.178095012903
0.487642407417
0.0866230353713
0.477994084358
0.754675865173
0.446125239134
0.946371972561
0.960803568363
0.803793132305
0.728501021862
0.552169501781
0.720894098282
0.707175910473
0.458796411753
0.596346497536
0.223316565156
0.394189864397
0.0869462564588
0.190751746297
0.740846395493
0.968209087849
0.949398636818
0.980452239513
0.421744823456
0.452151626348
0.338550955057
0.638675689697
0.889004766941
0.976759970188
0.971489429474
0.922135770321
0.953795135021
0.168006822467
0.18856844306
0.843934953213
0.223296582699
0.311523407698
0.719338059425
0.967139005661
0.454394459724
0.283759027719
0.536679565907
0.264766514301
0.546597659588
0.525113999844
0.705895543098
0.601095795631
0.161607906222
0.924911022186
0.193035274744
0.886696457863
0.643257915974
0.975609302521
0.977040171623
0.810184657574
0.909593701363
0.384943038225
0.319275349379
0.911280751228
0.636305272579
0.780674278736
0.445933580399
0.387942373753
0.881116330624
0.935843467712
0.754974126816
0.312921643257
0.611742377281
0.325132697821
0.859861373901
0.338919341564
0.896132230759
0.581511557102
0.944786071777
0.851520359516
0.991882622242
0.887524306774
0.980373620987
0.919242680073
0.354170382023
0.697490394115
0.343277722597
0.824107766151
0.668405413628
0.552076637745
0.673738181591
0.522396743298
0.730631232262
0.165597900748
0.0160741768777
0.483236014843
0.405523389578
0.680779993534
0.89895927906
0.664575636387
0.459338366985
0.728330254555
0.0589378885925
0.514309048653
0.571856498718
0.806402385235
0.780781567097
0.921209275723
0.63195002079
0.852956056595
0.455786526203
0.488788157701
0.401153832674
0.0918496474624
0.529953241348
0.252077102661
0.527920305729
0.796193003654
0.380355656147
0.439087569714
0.876027047634
0.0926993042231
0.905016899109
0.80123925209
0.406471759081
0.0783988684416
0.942067682743
0.923402369022
0.792206406593
0.254084467888
0.142329037189
0.402085602283
0.785101473331
0.44842004776
0.818629205227
0.6731595397
0.643268167973
0.256414353848
0.763192594051
0.302134186029
0.823711276054
0.465175062418
0.719695568085
0.379206359386
0.610214054585
0.4165982306
0.583258032799
0.465888768435
0.419040858746
0.414355933666
0.250306814909
0.66415810585
0.0370130687952
0.51220792532
0.583236336708
0.1802277565
0.20365357399
0.29195189476
0.354490906
0.532354056835
0.239788457751
0.681953907013
0.147144764662
0.278932124376
0.128360658884
0.547499060631
0.285826593637
0.20943915844
0.261959671974
0.834458291531
0.549293935299
0.19669392705
0.272242516279
0.638375103474
0.709993839264
0.17503260076
0.826193034649
0.314611375332
0.612831294537
0.830645084381
0.892483174801
0.581522464752
0.239952728152
0.756177008152
0.131886214018
0.432290703058
0.354832351208
0.380412399769
0.0957513079047
0.961557805538
0.209211289883
0.955968916416
0.833665072918
0.459186077118
0.483919650316
0.82667952776
0.683347582817
0.752445995808
0.641947627068
0.824801385403
0.642693400383
0.381803721189
0.385596960783
0.299640387297
0.884157299995
0.527674734592
0.675884366035
0.800620615482
0.625030517578
0.400657594204
0.7155392766
0.442209541798
0.437858611345
0.258159130812
0.299274742603
0.577050864697
0.236716508865
0.830974042416
0.964033722878
0.949760019779
0.539610743523
0.557031869888
0.449502557516
0.877960979939
0.307910591364
0.301581740379
0.330142974854
0.741240203381
0.0630387291312
0.520920276642
0.77714163065
0.398856252432
0.4550524652
0.950125515461
0.556936621666
0.457558870316
0.300862342119
0.301155269146
0.331192910671
0.670969963074
0.23860886693
0.234430223703
0.381198465824
0.446986764669
0.380138099194
0.570348322392
0.575123310089
0.525716543198
0.159000039101
0.800364077091
0.535509586334
0.892801344395
0.235544413328
0.890715479851
0.868102133274
0.490785866976
0.425692111254
0.284383803606
0.582540631294
0.338821738958
0.629829585552
0.895528137684
0.591834545135
0.179616868496
0.434597402811
0.451061934233
0.42490541935
0.594623088837
0.261377692223
0.301039129496
0.420622289181
0.567783653736
0.043132070452
0.188614681363
0.0860775858164
0.421442866325
0.824743330479
0.288990050554
0.756249547005
0.637083649635
0.774676859379
0.174009948969
0.314819961786
0.460777521133
0.532588243484
0.193267002702
0.861554861069
0.7898914814
0.423635661602
0.886341094971
0.893633961678
0.239435002208
0.21303422749
0.325206518173
0.366535693407
0.201579123735
0.279932260513
0.202360570431
0.744085550308
0.145633608103
0.296790063381
0.721217989922
0.800048053265
0.812812447548
0.72699546814
0.521778404713
0.659506738186
0.381857216358
0.348847329617
0.497553348541
0.14455793798
0.581138908863
0.941275835037
0.941583633423
0.281962066889
0.198500648141
0.256461203098
0.263294368982
0.314779609442
0.472988069057
0.157750800252
0.761022150517
0.767963469028
0.646744072437
0.914220929146
0.87903624773
0.964786827564
0.9607655406
0.606239259243
0.642717719078
0.881176948547
0.935964286327
0.938588261604
0.691762983799
0.409786969423
0.275063127279
0.382194638252
0.569790899754
0.53037828207
0.945132851601
0.894602239132
0.970433533192
0.958968758583
0.179361030459
0.301490664482
0.36232277751
0.198963239789
0.86425536871
0.773030877113
0.717870652676
0.27555668354
0.414478570223
0.252790093422
0.179892584682
0.236379206181
0.52834624052
0.379991263151
0.385088086128
0.288442760706
0.281280428171
0.567589700222
0.461293667555
0.399986445904
0.81739795208
0.696040451527
0.0660414546728
0.126937240362
0.561306536198
0.481036901474
0.174722284079
0.644866108894
0.570058643818
0.76778191328
0.855869054794
0.794075369835
0.563951849937
0.33259165287
0.858016073704
0.841359317303
0.965204298496
0.683584928513
0.759260177612
0.623609304428
0.589578330517
0.927179336548
0.859899997711
0.907442867756
0.313247054815
0.0576844848692
0.0467221550643
0.50470417738
0.487060397863
0.512575626373
0.661906480789
0.617490530014
0.914262592793
0.784682929516
0.221440657973
0.564734280109
0.710738301277
0.799331307411
0.135964989662
0.202463597059
0.483989864588
0.759384036064
0.401430755854
0.230708375573
0.964616477489
0.235568866134
0.54737496376
0.474735200405
0.893553614616
0.914997160435
0.467424482107
0.699829280376
0.55585026741
0.110737495124
0.227811947465
0.369695335627
0.685644686222
0.553416252136
0.427954405546
0.591429114342
0.776230037212
0.238768592477
0.724201381207
0.741920828819
0.389323294163
0.701740801334
0.818424165249
0.463772118092
0.3328114748
0.442725002766
0.676781177521
0.35689547658
0.424243599176
0.9332228899
0.801458954811
0.574393153191
0.565549910069
0.488012611866
0.526839137077
0.493842035532
0.320386469364
0.311470746994
0.968505442142
0.765175879002
0.671581327915
0.390426516533
0.605117201805
0.787157714367
0.371304750443
0.21914614737
0.360634237528
0.419453591108
0.477945894003
0.203788101673
0.919941902161
0.809322416782
0.709662437439
0.833364248276
0.096718788147
0.559340596199
0.620095491409
0.597205638885
0.347585052252
0.881161093712
0.189394667745
0.220130458474
0.322840929031
0.730551302433
0.805171430111
0.175718903542
0.447211384773
0.49146732688
0.188734546304
0.611637473106
0.755853295326
0.734716773033
0.350739896297
0.27616545558
0.889160871506
0.870137572289
0.210271537304
0.36279001832
0.939102172852
0.294444620609
0.242660060525
0.873737454414
0.859501898289
0.432186484337
0.27814155817
0.461480289698
0.747371196747
0.564002275467
0.366083860397
0.876743137836
0.757685303688
0.432220757008
0.382327377796
0.24556556344
0.875106275082
0.538648366928
0.697377204895
0.680689334869
0.863954901695
0.87997251749
0.46723946929
0.653813123703
0.651162564754
0.79970574379
0.694179534912
0.0987161323428
0.0759935453534
0.410707503557
0.913725554943
0.21763150394
0.531291663647
0.875357270241
0.749273657799
0.161380007863
0.81592965126
0.401572525501
0.130474984646
0.788375496864
0.403744876385
0.47276288271
0.355783492327
0.62480711937
0.409391999245
0.318944275379
0.931160509586
0.525491714478
0.344165533781
0.432694166899
0.954117655754
0.469710767269
0.273589968681
0.44253641367
0.44525590539
0.276494503021
0.882963597775
0.503955721855
0.290954828262
0.377797603607
0.938196718693
0.328979998827
0.801614403725
0.760183393955
0.838269472122
0.814230382442
0.505739688873
0.757260262966
0.763547599316
0.287666320801
0.236966520548
0.484896928072
0.611322283745
0.231115832925
0.819278538227
0.596262156963
0.773277580738
0.758177220821
0.468721956015
0.352754563093
0.829308331013
0.299295842648
0.950419068336
0.802293300629
0.509514331818
0.384403258562
0.865020751953
0.563524127007
0.708626568317
0.173795029521
0.272734224796
0.598048686981
0.247513413429
0.195899859071
0.419092148542
0.613705873489
0.662189424038
0.526763379574
0.220590859652
0.454860091209
0.235426932573
0.777989983559
0.698535859585
0.651939630508
0.607072651386
0.468041718006
0.350887417793
0.925545632839
0.423179000616
0.67156380415
0.47539305687
0.450536727905
0.956724345684
0.479502290487
0.193788141012
0.400764197111
0.573559105396
0.72171318531
0.545382976532
0.616246581078
0.333112061024
0.682425498962
0.602966308594
0.676374018192
0.152047932148
0.846529245377
0.20683863759
0.414610415697
0.0939233601093
0.113838158548
0.834389328957
0.685709476471
0.57818043232
0.745746135712
0.146484479308
0.725063681602
0.489885300398
0.3265145123
0.853414773941
0.309230566025
0.817733764648
0.326052546501
0.179120630026
0.151045531034
0.330654829741
0.322973400354
0.127087309957
0.635785579681
0.491870641708
0.77435451746
0.849425077438
0.91795450449
0.645373046398
0.470948070288
0.385661244392
0.242562919855
0.560695290565
0.557766914368
0.428371757269
0.997047960758
0.17811730504
0.955542802811
0.808991253376
0.424870282412
0.590786576271
0.296578913927
0.744186580181
0.186166465282
0.0960531234741
0.647195756435
0.446674793959
0.408624500036
0.618819057941
0.0962812900543
0.100373312831
0.563969731331
0.600932955742
0.156925588846
0.447229743004
0.32685393095
0.110188081861
0.973386764526
0.173006951809
0.217189088464
0.391726791859
0.434401422739
0.381420344114
0.826350033283
0.657097697258
0.33628487587
0.631181955338
0.670698225498
0.572478353977
0.446723848581
0.172837719321
0.655615568161
0.242224514484
0.182675376534
0.446429699659
0.304409265518
0.503125071526
0.200008794665
0.124390698969
0.720964610577
0.159530937672
0.746387302876
0.425448596478
0.255505651236
0.343625724316
0.21239335835
0.527167499065
0.883443892002
0.554556846619
0.0914032682776
0.498614817858
0.5374122262
0.208169952035
0.061893299222
0.514951765537
0.747011423111
0.757855296135
0.397359132767
0.331093221903
0.529355883598
0.504508852959
0.906307756901
0.62355953455
0.805355966091
0.539975523949
0.708571493626
0.84921836853
0.719265937805
0.641491055489
0.611838340759
0.32517683506
0.282261908054
0.21444503963
0.374638706446
0.618632376194
0.686535477638
0.728489816189
0.855748295784
0.893122255802
0.464508891106
0.672535896301
0.363422483206
0.4435287714
0.444746911526
0.471030056477
0.991928100586
0.576229810715
0.887520372868
0.711082339287
0.0641653463244
0.172210872173
0.431192159653
0.0511077418923
0.236364871264
0.790152132511
0.502508997917
0.77531003952
0.760440707207
0.741789460182
0.747097253799
0.367034137249
0.993184864521
0.388085693121
0.296860545874
0.649100661278
0.459006488323
0.778446733952
0.714576780796
0.335451453924
0.342794388533
0.206294566393
0.402027666569
0.525445044041
0.775856792927
0.636134803295
0.213707447052
0.407604843378
0.848449110985
0.309607744217
0.0918155908585
0.278040111065
0.539516925812
0.392388433218
0.536734879017
0.69931781292
0.818351745605
0.802166938782
0.162813231349
0.30514216423
0.104211807251
0.39643150568
0.58214443922
0.73010635376
0.71241915226
0.527389883995
0.84843313694
0.432564526796
0.97839987278
0.88462471962
0.240899518132
0.208089143038
0.24284003675
0.605413198471
0.307308107615
0.166923061013
0.256687879562
0.751730382442
0.563464701176
0.730435550213
0.524631738663
0.141442641616
0.427006185055
0.946738660336
0.384321719408
0.37170279026
0.578578352928
0.685990452766
0.267207980156
0.187575593591
0.803141474724
0.392602175474
0.301603406668
0.58185172081
0.638865172863
0.567748010159
0.226300925016
0.342775732279
0.822534143925
0.721966862679
0.646790504456
0.0483466759324
0.502059876919
0.674632668495
0.584456384182
0.678589522839
0.678277611732
0.330981731415
0.210805699229
0.64918088913
0.676741659641
0.145328745246
0.567206025124
0.641975998878
0.764725089073
0.821519672871
0.737219214439
0.296464681625
0.894220590591
0.531654059887
0.661440312862
0.283872038126
0.169749706984
0.771343648434
0.496890574694
0.759345412254
0.882103145123
0.396016418934
0.574831187725
0.785858213902
0.482978761196
0.824804067612
0.530796647072
0.207678616047
0.44706004858
0.201863512397
0.536028146744
0.579896628857
0.40497943759
0.601317644119
0.0836887583137
0.668804883957
0.979444801807
0.38538891077
0.660624623299
0.637819826603
0.291914075613
0.230329349637
0.322955399752
0.238117367029
0.172074303031
0.442804068327
0.315045058727
0.542811870575
0.216934472322
0.844715595245
0.471544653177
0.880031943321
0.46333950758
0.157333806157
0.916392564774
0.234476715326
0.182501748204
0.0443963073194
0.379372149706
0.567882597446
0.383934438229
0.478747844696
0.385545194149
0.348765075207
0.232512548566
0.521729707718
0.167081475258
0.396546036005
0.121827714145
0.380743652582
0.705406010151
0.369313448668
0.764345169067
0.108124606311
0.984807252884
0.0788019299507
0.305393874645
0.621806979179
0.112863793969
0.700635254383
0.787411212921
0.403859674931
0.142591923475
0.749218344688
0.679242491722
0.28984823823
0.404900610447
0.310383051634
0.44926661253
0.817096471786
0.529275655746
0.189684510231
0.697919666767
0.850601971149
0.333615809679
0.546529948711
0.164626166224
0.284721314907
0.504149973392
0.456838726997
0.576063930988
0.791946470737
0.451480448246
0.127424284816
0.489783018827
0.223997101188
0.252526879311
0.443596899509
0.698047041893
0.261994153261
0.227680116892
0.495625883341
0.453297764063
0.842864751816
0.255756884813
0.386949390173
0.437353998423
0.701279878616
0.429298341274
0.328828841448
0.680958151817
0.335280060768
0.642654120922
0.184020653367
0.860353827477
0.349204570055
0.725246965885
0.810563981533
0.29054248333
0.287553727627
0.709052562714
0.496853441
0.187774389982
0.959238409996
0.29744002223
0.0572329871356
0.349481701851
0.85497033596
0.17130933702
0.163048967719
0.439543008804
0.576658248901
0.531297266483
0.738976955414
0.318242579699
0.136998325586
0.153410464525
0.126408830285
0.162856012583
0.819297850132
0.255858838558
0.468719810247
0.870639681816
0.45912450552
0.57786232233
0.436303943396
0.250509142876
0.807617485523
0.537294209003
0.475459486246
0.228290259838
0.857705116272
0.810792148113
0.333221822977
0.543438971043
0.727628469467
0.629162847996
0.0834284499288
0.555783808231
0.536524474621
0.359451472759
0.945325136185
0.821188032627
0.471096932888
0.605223894119
0.903285682201
0.173641070724
0.956859111786
0.372730731964
0.432822614908
0.462765663862
0.218773409724
0.56703877449
0.188831076026
0.411326885223
0.114371500909
0.449752300978
0.71582621336
0.306035816669
0.757243692875
0.771172046661
0.518649458885
0.813618242741
0.681966722012
0.678219795227
0.155707404017
0.659765481949
0.73616361618
0.799286842346
0.377549380064
0.317304819822
0.179996147752
0.783149302006
0.363101035357
0.703576207161
0.692549705505
0.231076210737
0.497619926929
0.481430023909
0.750298261642
0.625528097153
0.64527785778
0.236767545342
0.547480344772
0.298009067774
0.489894926548
0.114134371281
0.730467736721
0.954154312611
0.792572379112
0.185007616878
0.578426420689
0.903799831867
0.239716097713
0.400180280209
0.969112098217
0.339821398258
0.726944446564
0.482633143663
0.450882822275
0.0473020933568
0.506306946278
0.324921190739
0.431158512831
0.522448539734
0.732200920582
0.111812375486
0.193663492799
0.3986992836
0.518594503403
0.452243477106
0.380736261606
0.144460037351
0.212702929974
0.597563445568
0.743080496788
0.547400593758
0.699341356754
0.67001670599
0.280029982328
0.375370830297
0.218266695738
0.0204306766391
0.308678984642
0.821226119995
0.233969300985
0.259901672602
0.339456439018
0.164115026593
0.256250470877
0.078114643693
0.932661235332
0.634344637394
0.7624335289
0.240067124367
0.668202638626
0.205902025104
0.443139374256
0.253036051989
0.421242296696
0.639219343662
0.940185248852
0.935430407524
0.976134240627
0.983079910278
0.745130181313
0.416649103165
0.312141627073
0.489860147238
0.840525567532
0.754563808441
0.784224748611
0.172810479999
0.357633531094
0.635338485241
0.370551526546
0.410719960928
0.477387279272
0.780242264271
0.657370865345
0.118480354548
0.446424663067
0.759748995304
0.587346613407
0.974597334862
0.195451006293
0.587571322918
0.355496346951
0.451729476452
0.543631613255
0.441563367844
0.681378662586
0.787923753262
0.300151586533
0.560783922672
0.422593593597
0.540624320507
0.664103984833
0.47672611475
0.3402787745
0.499672740698
0.704059064388
0.251284092665
0.0830611288548
0.12952914834
0.568943858147
0.320141285658
0.37831389904
0.236146405339
0.638525366783
0.633626639843
0.173746243119
0.949619889259
0.475759774446
0.469186097383
0.595214188099
0.278725117445
0.59807997942
0.368997961283
0.240310832858
0.791077971458
0.129511386156
0.94092965126
0.890165269375
0.722713649273
0.228381976485
0.347490519285
0.169264644384
0.467016428709
0.211964994669
0.188348144293
0.391148924828
0.14321950078
0.270458996296
0.284706443548
0.45707899332
0.127037882805
0.307082474232
0.159456014633
0.789715528488
0.684759616852
0.623947143555
0.20196390152
0.600077748299
0.599330484867
0.550417780876
0.541858017445
0.118850432336
0.31315228343
0.459583371878
0.519274175167
0.372178673744
0.846523165703
0.599737763405
0.182724416256
0.784886240959
0.610350191593
0.894005656242
0.513303160667
0.587093830109
0.503541111946
0.39786657691
0.311758756638
0.0698163360357
0.29373306036
0.0492043085396
0.152143478394
0.294740974903
0.368923336267
0.363691031933
0.752581596375
0.530734419823
0.466757565737
0.292434215546
0.3577683568
0.290864706039
0.30446767807
0.664108276367
0.246746703982
0.51021528244
0.686743557453
0.302107393742
0.602020800114
0.400164455175
0.335647255182
0.326389998198
0.713326334953
0.357784003019
0.782283306122
0.621398925781
0.943880081177
0.685931026936
0.667444288731
0.604547381401
0.391661584377
0.73523837328
0.508191466331
0.167831212282
0.91209423542
0.22843837738
0.238963335752
0.7663641572
0.886302828789
0.691453456879
0.191594392061
0.273938208818
0.473681300879
0.572116017342
0.0808134973049
0.468401134014
0.208125412464
0.410735696554
0.630961298943
0.355631649494
0.0530024729669
0.731407463551
0.130986824632
0.332197934389
0.378307133913
0.43275308609
0.646644175053
0.514043450356
0.503810882568
0.249613195658
0.14889678359
0.404856443405
0.613633692265
0.377625823021
0.560787796974
0.266570061445
0.657559514046
0.208320736885
0.61748111248
0.502183139324
0.814679026604
0.149410963058
0.21323363483
0.634868919849
0.909117698669
0.435259073973
0.605017483234
0.198802575469
0.523136079311
0.996145129204
0.966799080372
0.610508978367
0.278294563293
0.781659305096
0.541852355003
0.0990356057882
0.36695766449
0.583242058754
0.585454106331
0.342836260796
0.303631544113
0.221177011728
0.945723474026
0.427114278078
0.448446065187
0.788814008236
0.162860661745
0.391756296158
0.791381835938
0.649273276329
0.631030440331
0.3781042099
0.695044517517
0.755743801594
0.700437426567
0.21987003088
0.77606266737
0.706221938133
0.258587032557
0.477121770382
0.368877321482
0.599705696106
0.34839951992
0.545554876328
0.22699585557
0.246876135468
0.496844410896
0.825242340565
0.685712099075
0.754914343357
0.145891457796
0.602847397327
0.152239918709
0.586479842663
0.488160073757
0.980933427811
0.537995398045
0.596955776215
0.136388942599
0.248635157943
0.614447295666
0.408620178699
0.422948151827
0.585452675819
0.640203177929
0.523793280125
0.443559706211
0.503465473652
0.668883800507
0.918646752834
0.20775552094
0.701070666313
0.755245983601
0.429134935141
0.153831094503
0.674794793129
0.340505182743
0.159662768245
0.465281426907
0.990735411644
0.696479260921
0.768742144108
0.345181614161
0.733137428761
0.873836278915
0.899824261665
0.156812161207
0.414984285831
0.644753217697
0.526578068733
0.533366918564
0.620567679405
0.0978058502078
0.0850205272436
0.826962769032
0.866646885872
0.68774574995
0.759240746498
0.425085484982
0.470520347357
0.631195008755
0.840225815773
0.293251603842
0.918823122978
0.735868871212
0.977073848248
0.946312904358
0.129638671875
0.850699663162
0.854454576969
0.567057728767
0.562570273876
0.827063083649
0.811326384544
0.47235801816
0.650757133961
0.413325995207
0.162629559636
0.502073645592
0.17804120481
0.183462679386
0.520674884319
0.609847843647
0.67040348053
0.908022344112
0.518048226833
0.948080718517
0.271329343319
0.961092412472
0.979672014713
0.629867136478
0.841298282146
0.434548348188
0.83517318964
0.620988130569
0.543596744537
0.840888679028
0.627132177353
0.958659827709
0.517597913742
0.554198563099
0.615386486053
0.837525188923
0.232290387154
0.2122631073
0.276246368885
0.0328722447157
0.820777595043
0.934215009212
0.824431419373
0.692412495613
0.289790332317
0.871963977814
0.433119833469
0.243619531393
0.254145175219
0.894160807133
0.973408401012
0.344204097986
0.731612026691
0.322228848934
0.493110924959
0.794846951962
0.61878490448
0.180938884616
0.412581056356
0.506553292274
0.368607312441
0.752782523632
0.169284954667
0.142225086689
0.212694436312
0.494818180799
0.718291223049
0.115188159049
0.626960456371
0.221980884671
0.221734404564
0.133575931191
0.21403388679
0.322856932878
0.514068424702
0.368597388268
0.572538137436
0.411514312029
0.171734377742
0.199444144964
0.174280628562
0.0983846485615
0.571042835712
0.200978904963
0.156104281545
0.32905459404
0.660392284393
0.251892477274
0.287137031555
0.332088381052
0.964150726795
0.990384340286
0.242652371526
0.459306925535
0.437894105911
0.70337665081
0.221111506224
0.756045877934
0.47649154067
0.754215359688
0.444276183844
0.739689350128
0.567057847977
0.103099048138
0.616911590099
0.560274481773
0.169621556997
0.797130465508
0.839551270008
0.475246310234
0.814226746559
0.603901445866
0.673910021782
0.518251299858
0.381408601999
0.50638794899
0.658881604671
0.7658624053
0.600061058998
0.655867159367
0.183696717024
0.154307737947
0.706725895405
0.473164886236
0.811363279819
0.696273088455
0.447312086821
0.36757054925
0.572930574417
0.525190591812
0.541851580143
0.16015894711
0.454289138317
0.218900293112
0.383697360754
0.0919072628021
0.470799088478
0.412482500076
0.663766205311
0.209896817803
0.426791578531
0.537311196327
0.379089385271
0.811513662338
0.32110747695
0.791529595852
0.389172464609
0.453881442547
0.503487110138
0.945842087269
0.289121925831
0.544486880302
0.251517057419
0.379135370255
0.833996295929
0.870427250862
0.404410123825
0.897319674492
0.563742339611
0.24681866169
0.322172701359
0.0583581253886
0.291052997112
0.912465453148
0.334080606699
0.609285473824
0.370895981789
0.884659171104
0.523905336857
0.529090702534
0.764309704304
0.598986148834
0.758473455906
0.565153717995
0.330555915833
0.951328158379
0.877064228058
0.941900074482
0.943916559219
0.466905027628
0.467976093292
0.401998877525
0.148667886853
0.256387740374
0.838609457016
0.535317003727
0.449021160603
0.573805809021
0.0438230745494
0.344274640083
0.257268458605
0.0514197684824
0.530009865761
0.430487304926
0.488260835409
0.406850039959
0.427725017071
0.381730049849
0.197770670056
0.828132092953
0.684019446373
0.176971763372
0.415037363768
0.71520036459
0.314904630184
0.703942775726
0.470071792603
0.786924123764
0.160700708628
0.810928821564
0.309822380543
0.153917968273
0.389657646418
0.444932967424
0.459678381681
0.291721612215
0.568323194981
0.722275793552
0.55729585886
0.64814555645
0.938903212547
0.214232176542
0.627493858337
0.333680182695
0.0983312875032
0.287147939205
0.570831358433
0.261146992445
0.414854556322
0.214736804366
0.286657273769
0.713101267815
0.852867424488
0.623144686222
0.336857050657
0.730612397194
0.0751984640956
0.0455906018615
0.0375278443098
0.230723142624
0.673778891563
0.0422884821892
0.132200717926
0.0617596432567
0.74535882473
0.104837857187
0.127672597766
0.521733343601
0.311352193356
0.757268607616
0.923588395119
0.600382804871
0.483868300915
0.436322599649
0.0908826068044
0.496745437384
0.298161953688
0.466753661633
0.26187184453
0.645742535591
0.660314440727
0.28965306282
0.494617849588
0.152259498835
0.28001332283
0.847477972507
0.533672332764
0.10080023855
0.804730772972
0.698109030724
0.809829711914
0.8456351161
0.898698866367
0.87041759491
0.481104880571
0.388833403587
0.356290638447
0.439486682415
0.69132488966
0.778532981873
0.40946906805
0.760187387466
0.571002840996
0.298444956541
0.384697675705
0.57564496994
0.275912046432
0.480213314295
0.151801779866
0.427357882261
0.0961727127433
0.655412852764
0.608575105667
0.378001451492
0.380922526121
0.657532095909
0.0917783230543
0.16418376565
0.447780549526
0.729732096195
0.345360636711
0.67572927475
0.292363733053
0.316380649805
0.722013473511
0.947994589806
0.308255165815
0.200747773051
0.397050857544
0.16761931777
0.0265741180629
0.610073745251
0.840320587158
0.132239073515
0.584974765778
0.828492820263
0.870886981487
0.180844992399
0.0909628719091
0.315150350332
0.202108129859
0.140880689025
0.0651181265712
0.0475538335741
0.227208733559
0.179842382669
0.257317900658
0.468986362219
0.360915333033
0.383644223213
0.274742484093
0.576641321182
0.933752954006
0.220948860049
0.606782257557
0.578844547272
0.259584963322
0.609330296516
0.646836400032
0.644877493382
0.261470407248
0.679157435894
0.232106462121
0.647300004959
0.101501569152
0.204799801111
0.698582410812
0.77435529232
0.397791087627
0.785474181175
0.173163488507
0.343763560057
0.890658020973
0.142140105367
0.316995412111
0.456690013409
0.256864309311
0.488197237253
0.716931819916
0.238912835717
0.188482299447
0.738532245159
0.693304657936
0.694094836712
0.0698423683643
0.571062743664
0.725298643112
0.541887402534
0.608804285526
0.581703841686
0.485803604126
0.424879699945
0.636410355568
0.242515966296
0.526379108429
0.496927589178
0.216323778033
0.471517324448
0.222568303347
0.482585370541
0.0561443604529
0.542823672295
0.261346936226
0.927688479424
0.622015416622
0.30068436265
0.100931100547
0.612940490246
0.257774293423
0.663183033466
0.434306353331
0.258668482304
0.481970220804
0.471035659313
0.344462692738
0.366305232048
0.90045273304
0.925865590572
0.581198096275
0.660013616085
0.405245900154
0.819901704788
0.268428146839
0.260869026184
0.307019025087
0.571889102459
0.60062456131
0.131960198283
0.443009674549
0.29640635848
0.747010350227
0.46966817975
0.410452783108
0.20327039063
0.250676333904
0.159120336175
0.126746192575
0.715745210648
0.382400035858
0.399448990822
0.804841697216
0.424859523773
0.346595913172
0.862948834896
0.395771533251
0.36763599515
0.857953190804
0.703351795673
0.196665465832
0.276366651058
0.235424473882
0.313361495733
0.576641798019
0.425954669714
0.770151495934
0.858795940876
0.453213870525
0.246422722936
0.220301896334
0.179946750402
0.489650934935
0.195551484823
0.341890186071
0.995510935783
0.653651297092
0.122754365206
0.179745346308
0.236455827951
0.386951327324
0.346150964499
0.233601570129
0.368096500635
0.587073028088
0.614758014679
0.344542950392
0.162622749805
0.805225729942
0.73129940033
0.254642426968
0.0945798158646
0.175608038902
0.390262782574
0.267468810081
0.696553170681
0.40823790431
0.842879295349
0.434536993504
0.13790383935
0.0955187678337
0.746547937393
0.532425045967
0.925046265125
0.553661286831
0.514778614044
0.690622627735
0.499614059925
0.191345512867
0.365221977234
0.510780096054
0.149236470461
0.225582182407
0.204971581697
0.345080465078
0.362230956554
0.188501611352
0.72346997261
0.25500831008
0.774678111076
0.469540029764
0.578777849674
0.367485910654
0.576936841011
0.676511347294
0.230792909861
0.382712930441
0.441577076912
0.166517108679
0.440783619881
0.874075353146
0.136651188135
0.537120401859
0.741593778133
0.607511520386
0.367488861084
0.059876639396
0.349279552698
0.585995674133
0.730289518833
0.510224878788
0.114702492952
0.891459524632
0.649148404598
0.745921313763
0.543952167034
0.294021606445
0.449765503407
0.241175174713
0.21000136435
0.676977157593
0.538365364075
0.650352299213
0.507037639618
0.356812983751
0.683381617069
0.636964082718
0.549862504005
0.334399014711
0.406238764524
0.149249941111
0.255256593227
0.447138130665
0.38140168786
0.262598574162
0.295685231686
0.431617826223
0.102576583624
0.776779770851
0.201699391007
0.352352768183
0.523767530918
0.51969230175
0.181027799845
0.458092480898
0.200865969062
0.755801260471
0.733911395073
0.57235622406
0.423731535673
0.112565018237
0.535422086716
0.825031042099
0.510310292244
0.317924469709
0.768536984921
0.28247153759
0.0878692120314
0.495480328798
0.27898439765
0.259764492512
0.579411804676
0.343921929598
0.22643776238
0.367790311575
0.983868539333
0.616447865963
0.526649236679
0.202256694436
0.485482990742
0.311314433813
0.6885394454
0.617006778717
0.783054292202
0.698467552662
0.123083800077
0.530701756477
0.154779478908
0.84763276577
0.542508780956
0.938067734241
0.360734730959
0.633052349091
0.6950532794
0.135519742966
0.210706278682
0.0650888979435
0.345502078533
0.0509321205318
0.247661814094
0.0800116360188
0.276161432266
0.217760801315
0.423065036535
0.138053014874
0.427377909422
0.233662888408
0.2313567698
0.805368721485
0.829795718193
0.383936882019
0.2771730721
0.418417662382
0.787687003613
0.136408269405
0.839904308319
0.139642506838
0.161124899983
0.542178928852
0.762641191483
0.532352983952
0.560573220253
0.569430649281
0.0692065134645
0.338631033897
0.843734622002
0.107566580176
0.779014229774
0.346621990204
0.330715566874
0.596073865891
0.290301412344
0.354116529226
0.235415458679
0.25752311945
0.267950803041
0.512915492058
0.598040640354
0.673793435097
0.756277680397
0.237174987793
0.512384653091
0.114839471877
0.0694784298539
0.640040159225
0.8756326437
0.938486278057
0.56159555912
0.918777823448
0.470405399799
0.87301915884
0.298633009195
0.752696990967
0.0681635662913
0.760403454304
0.848562836647
0.953380584717
0.846612155437
0.795338153839
0.698073685169
0.696104288101
0.414049774408
0.614735603333
0.678514838219
0.873369574547
0.595929920673
0.329543530941
0.810937702656
0.247256264091
0.287009388208
0.342850476503
0.771517515182
0.636244833469
0.505354344845
0.742292761803
0.593939065933
0.318318963051
0.454771995544
0.736284196377
0.588017821312
0.911909997463
0.761218428612
0.286137789488
0.312736779451
0.329423666
0.264240205288
0.570802748203
0.71124714613
0.686658978462
0.862638115883
0.938989043236
0.296014666557
0.430395424366
0.921573877335
0.952587783337
0.804440915585
0.954895079136
0.587721168995
0.838464319706
0.795616805553
0.840429902077
0.767320036888
0.992154181004
0.942954897881
0.680655002594
0.99854195118
0.883539795876
0.83012253046
0.860734939575
0.858645796776
0.280229300261
0.805977940559
0.800575196743
0.77811473608
0.910310924053
0.611877858639
0.686394691467
0.303120493889
0.88630926609
0.740342378616
0.426597058773
0.9589433074
0.981947898865
0.977719664574
0.261220574379
0.369282364845
0.747039198875
0.56013995409
0.669108390808
0.908385336399
0.989107847214
0.638685822487
0.748477041721
0.985167741776
0.943501651287
0.669170022011
0.786875724792
0.460569947958
0.806968927383
0.91221344471
0.756088733673
0.727114021778
0.858381152153
0.925715267658
0.958196818829
0.85772895813
0.609832763672
0.949713766575
0.997349739075
0.985662281513
0.421975702047
0.618474781513
0.376904845238
0.801645219326
0.817479968071
0.787902057171
0.246339932084
0.620055913925
0.879094839096
0.585268855095
0.927466392517
0.777865946293
0.642781853676
0.972450256348
0.897664546967
0.724084913731
0.800367593765
0.782342553139
0.88075697422
0.912456929684
0.657414734364
0.969451189041
0.321604847908
0.84796333313
0.910765647888
0.721585154533
0.758614361286
0.265733867884
0.645528078079
0.836420476437
0.569856762886
0.714503109455
0.972527742386
0.949647188187
0.903595149517
0.770468175411
0.892060160637
0.937331616879
0.753657579422
0.741753578186
0.911998927593
0.973915040493
0.973361194134
0.986226022243
0.980488657951
0.249647989869
0.316661685705
0.923847258091
0.943706154823
0.864404141903
0.987675070763
0.391769081354
0.668612420559
0.952776491642
0.923819601536
0.447871595621
0.713933348656
0.627352237701
0.650536894798
0.950937986374
0.972871422768
0.977222144604
0.630239188671
0.862165987492
0.450586289167
0.446658819914
0.895413517952
0.996238470078
0.692884147167
0.987922132015
0.957950174809
0.950652897358
0.931365013123
0.778845906258
0.761772453785
0.699437737465
0.604127764702
0.735225200653
0.911309063435
0.914912760258
0.422651290894
0.937041163445
0.624578893185
0.369138330221
0.132464259863
0.723729848862
0.908908188343
0.543898880482
0.954154551029
0.709462165833
0.545788824558
0.474325299263
0.310154497623
0.739729225636
0.497525542974
0.544031262398
0.827229678631
0.913344621658
0.838151752949
0.639152884483
0.958637237549
0.936979413033
0.283550649881
0.831279695034
0.324364900589
0.280991613865
0.67835354805
0.847098052502
0.696770727634
0.613188445568
0.658286511898
0.973768889904
0.924673557281
0.648631572723
0.545896470547
0.739082813263
0.702358901501
0.91577911377
0.517055094242
0.913688004017
0.666587471962
0.974370360374
0.767704904079
0.959861755371
0.907292544842
0.616945803165
0.210389241576
0.365467905998
0.527882754803
0.610505998135
0.782358109951
0.643207967281
0.763973534107
0.437028795481
0.22266459465
0.413402616978
0.396720230579
0.187864780426
0.310987144709
0.296826452017
0.650288045406
0.900798916817
0.996393024921
0.627555072308
0.842996716499
0.249472394586
0.954736411572
0.581458210945
0.231905341148
0.443315207958
0.594235897064
0.719438612461
0.482480794191
0.431590110064
0.861594557762
0.950481772423
0.787666261196
0.431754827499
0.585492610931
0.984409272671
0.98060375452
0.94026517868
0.414908081293
0.957934200764
0.948546350002
0.882219016552
0.821063935757
0.678628742695
0.714366912842
0.729758441448
0.982470810413
0.810138761997
0.553628981113
0.404357880354
0.717324495316
0.70199328661
0.738327622414
0.895315945148
0.260081261396
0.22356043756
0.653247952461
0.551217317581
0.468937695026
0.48818397522
0.95001912117
0.900996387005
0.893004059792
0.675038516521
0.830353498459
0.988830506802
0.986322283745
0.976980566978
0.3769749403
0.870636582375
0.0743836089969
0.911707401276
0.838339865208
0.91472864151
0.685957551003
0.280389100313
0.346329957247
0.86329293251
0.534699618816
0.706856310368
0.728472709656
0.501661241055
0.61067289114
0.240235865116
0.964916169643
0.723369479179
0.441459774971
0.794816374779
0.691348671913
0.858133018017
0.874458253384
0.81614869833
0.284654349089
0.244100227952
0.142648428679
0.604095518589
0.719147443771
0.424742311239
0.505946040154
0.96656370163
0.944417178631
0.932988524437
0.852838993073
0.772983372211
0.544098377228
0.600118756294
0.751731395721
0.440298706293
0.571783959866
0.88558524847
0.991727352142
0.969002485275
0.789931595325
0.707235276699
0.917573392391
0.934061050415
0.926755189896
0.742154240608
0.820837318897
0.533413827419
0.923841178417
0.691010653973
0.917441427708
0.968421697617
0.93802011013
0.992484867573
0.945682883263
0.949328362942
0.895467996597
0.878598570824
0.933335006237
0.875185370445
0.758602023125
0.930480062962
0.900251686573
0.766810119152
0.291923046112
0.735144913197
0.776623010635
0.320485949516
0.960595726967
0.929514884949
0.938274145126
0.932136118412
0.556290507317
0.406985521317
0.967266380787
0.490812718868
0.544045627117
0.261018246412
0.975171208382
0.132123783231
0.350069522858
0.623565375805
0.273253500462
0.515274584293
0.883099675179
0.544752538204
0.527488410473
0.80413043499
0.900099217892
0.790692150593
0.134670242667
0.94976991415
0.0515957549214
0.728663027287
0.305112063885
0.219454959035
0.162366330624
0.416493922472
0.905544281006
0.508903443813
0.477720737457
0.974364519119
0.965319395065
0.75118291378
0.918070375919
